symbol,company_name,sector,symbol_link,S.N.,Date,Open,High,Low,Ltp,% Change,Qty,Turnover
ehpl,Eastern Hydropower Limited,Hydropower,https://www.sharesansar.com/company/ehpl,1,2025-11-19,428.40,428.40,411.30,423.00,0.71,"76,330.00","31,816,932.40"
ehpl,Eastern Hydropower Limited,Hydropower,https://www.sharesansar.com/company/ehpl,2,2025-11-18,408.00,431.00,408.00,420.00,1.01,"53,418.00","22,451,110.40"
ehpl,Eastern Hydropower Limited,Hydropower,https://www.sharesansar.com/company/ehpl,3,2025-11-17,416.00,421.00,411.40,415.80,-1.70,"88,467.00","36,830,551.50"
ehpl,Eastern Hydropower Limited,Hydropower,https://www.sharesansar.com/company/ehpl,4,2025-11-16,417.00,431.00,415.00,423.00,1.44,"146,592.00","62,073,847.70"
ehpl,Eastern Hydropower Limited,Hydropower,https://www.sharesansar.com/company/ehpl,5,2025-11-13,433.00,433.00,409.00,417.00,-3.70,"56,787.00","23,765,988.00"
ehpl,Eastern Hydropower Limited,Hydropower,https://www.sharesansar.com/company/ehpl,6,2025-11-12,446.00,446.00,428.00,433.00,-1.81,"54,486.00","23,627,350.90"
ehpl,Eastern Hydropower Limited,Hydropower,https://www.sharesansar.com/company/ehpl,7,2025-11-11,420.00,450.00,407.00,441.00,6.29,"218,500.00","94,812,529.90"
ehpl,Eastern Hydropower Limited,Hydropower,https://www.sharesansar.com/company/ehpl,8,2025-11-10,397.90,415.00,395.00,414.90,4.27,"107,571.00","43,355,566.00"
ehpl,Eastern Hydropower Limited,Hydropower,https://www.sharesansar.com/company/ehpl,9,2025-11-09,398.40,403.00,393.20,397.90,-2.12,"92,027.00","36,485,784.70"
ehpl,Eastern Hydropower Limited,Hydropower,https://www.sharesansar.com/company/ehpl,10,2025-11-06,423.00,423.00,402.00,406.50,-2.98,"45,631.00","18,669,709.80"
ehpl,Eastern Hydropower Limited,Hydropower,https://www.sharesansar.com/company/ehpl,11,2025-11-05,430.40,430.40,418.00,419.00,-0.71,"46,357.00","19,527,486.00"
ehpl,Eastern Hydropower Limited,Hydropower,https://www.sharesansar.com/company/ehpl,12,2025-11-04,407.50,445.00,385.00,422.00,1.49,"341,830.00","138,223,309.00"
ehpl,Eastern Hydropower Limited,Hydropower,https://www.sharesansar.com/company/ehpl,13,2025-11-03,453.00,453.00,415.80,415.80,-10.00,"54,220.00","22,566,609.00"
ehpl,Eastern Hydropower Limited,Hydropower,https://www.sharesansar.com/company/ehpl,14,2025-11-02,459.80,469.00,441.70,462.00,-1.49,"6,149.00","2,845,017.70"
ehpl,Eastern Hydropower Limited,Hydropower,https://www.sharesansar.com/company/ehpl,15,2025-10-30,458.70,477.30,445.00,469.00,0.21,"5,031.00","2,292,165.00"
ehpl,Eastern Hydropower Limited,Hydropower,https://www.sharesansar.com/company/ehpl,16,2025-10-29,489.10,489.10,461.00,468.00,-2.42,"1,494.00","701,160.10"
ehpl,Eastern Hydropower Limited,Hydropower,https://www.sharesansar.com/company/ehpl,17,2025-10-28,438.70,479.60,431.00,479.60,7.15,"8,436.00","3,767,472.40"
ehpl,Eastern Hydropower Limited,Hydropower,https://www.sharesansar.com/company/ehpl,18,2025-10-26,445.00,449.00,422.70,447.60,-0.51,"5,670.00","2,459,075.50"
ehpl,Eastern Hydropower Limited,Hydropower,https://www.sharesansar.com/company/ehpl,19,2025-10-19,448.00,459.00,441.00,449.90,-1.55,856.00,"385,609.10"
ehpl,Eastern Hydropower Limited,Hydropower,https://www.sharesansar.com/company/ehpl,20,2025-10-16,474.00,479.00,455.00,457.00,-2.97,"1,722.00","791,524.40"
ehpl,Eastern Hydropower Limited,Hydropower,https://www.sharesansar.com/company/ehpl,21,2025-10-15,460.60,471.00,455.00,471.00,0.21,"3,330.00","1,534,998.00"
ehpl,Eastern Hydropower Limited,Hydropower,https://www.sharesansar.com/company/ehpl,22,2025-10-14,487.00,487.00,462.00,470.00,-2.08,"4,715.00","2,200,144.50"
ehpl,Eastern Hydropower Limited,Hydropower,https://www.sharesansar.com/company/ehpl,23,2025-10-13,475.00,483.00,474.00,480.00,-0.83,526.00,"250,393.00"
ehpl,Eastern Hydropower Limited,Hydropower,https://www.sharesansar.com/company/ehpl,24,2025-10-12,495.00,495.00,469.00,484.00,-2.22,"4,880.00","2,304,664.50"
ehpl,Eastern Hydropower Limited,Hydropower,https://www.sharesansar.com/company/ehpl,25,2025-10-09,515.00,525.00,493.00,495.00,-2.52,970.00,"490,780.00"
ehpl,Eastern Hydropower Limited,Hydropower,https://www.sharesansar.com/company/ehpl,26,2025-10-08,508.00,508.50,497.90,507.80,-1.95,"2,727.00","1,376,589.70"
ehpl,Eastern Hydropower Limited,Hydropower,https://www.sharesansar.com/company/ehpl,27,2025-10-07,519.70,520.00,502.00,517.90,-2.28,"5,338.00","2,738,338.50"
ehpl,Eastern Hydropower Limited,Hydropower,https://www.sharesansar.com/company/ehpl,28,2025-09-28,531.00,533.00,526.40,530.00,-1.85,"4,080.00","2,160,877.90"
ehpl,Eastern Hydropower Limited,Hydropower,https://www.sharesansar.com/company/ehpl,29,2025-09-25,543.00,553.80,533.00,540.00,-0.55,"1,987.00","1,065,434.50"
ehpl,Eastern Hydropower Limited,Hydropower,https://www.sharesansar.com/company/ehpl,30,2025-09-24,536.00,550.00,526.10,543.00,-0.71,"2,707.00","1,462,585.10"
ehpl,Eastern Hydropower Limited,Hydropower,https://www.sharesansar.com/company/ehpl,31,2025-09-23,538.00,547.00,521.00,546.90,3.07,"3,001.00","1,608,502.20"
ehpl,Eastern Hydropower Limited,Hydropower,https://www.sharesansar.com/company/ehpl,32,2025-09-21,516.00,540.00,485.70,530.60,0.81,"7,551.00","3,871,863.90"
ehpl,Eastern Hydropower Limited,Hydropower,https://www.sharesansar.com/company/ehpl,33,2025-09-08,519.50,527.00,497.50,526.35,-0.33,"1,655.00","843,136.10"
ehpl,Eastern Hydropower Limited,Hydropower,https://www.sharesansar.com/company/ehpl,34,2025-09-07,534.00,534.50,523.50,528.09,0.72,"1,566.00","826,191.00"
ehpl,Eastern Hydropower Limited,Hydropower,https://www.sharesansar.com/company/ehpl,35,2025-09-04,528.30,536.00,521.00,524.29,-2.73,"5,624.00","2,967,869.10"
ehpl,Eastern Hydropower Limited,Hydropower,https://www.sharesansar.com/company/ehpl,36,2025-09-03,549.00,559.80,535.00,539.03,-3.63,"3,375.00","1,835,519.50"
ehpl,Eastern Hydropower Limited,Hydropower,https://www.sharesansar.com/company/ehpl,37,2025-09-02,585.00,585.00,556.50,559.32,-2.90,"2,539.00","1,446,744.10"
ehpl,Eastern Hydropower Limited,Hydropower,https://www.sharesansar.com/company/ehpl,38,2025-09-01,566.00,576.00,561.50,576.00,-0.13,"1,330.00","754,636.50"
ehpl,Eastern Hydropower Limited,Hydropower,https://www.sharesansar.com/company/ehpl,39,2025-08-31,576.10,599.00,575.20,576.75,-1.87,"1,592.00","918,567.00"
ehpl,Eastern Hydropower Limited,Hydropower,https://www.sharesansar.com/company/ehpl,40,2025-08-28,585.00,596.00,585.00,587.75,-0.83,"2,305.00","1,355,117.00"
ehpl,Eastern Hydropower Limited,Hydropower,https://www.sharesansar.com/company/ehpl,41,2025-08-27,579.00,599.00,579.00,592.66,0.78,"3,294.00","1,950,411.00"
ehpl,Eastern Hydropower Limited,Hydropower,https://www.sharesansar.com/company/ehpl,42,2025-08-26,593.70,605.00,576.30,588.05,1.03,783.00,"459,030.00"
ehpl,Eastern Hydropower Limited,Hydropower,https://www.sharesansar.com/company/ehpl,43,2025-08-25,587.00,592.60,577.50,582.08,-1.61,"1,675.00","974,733.00"
ehpl,Eastern Hydropower Limited,Hydropower,https://www.sharesansar.com/company/ehpl,44,2025-08-24,589.60,598.00,589.60,591.59,-1.66,809.00,"480,337.00"
ehpl,Eastern Hydropower Limited,Hydropower,https://www.sharesansar.com/company/ehpl,45,2025-08-21,593.20,616.00,593.20,601.55,-0.56,"5,742.00","3,440,612.00"
ehpl,Eastern Hydropower Limited,Hydropower,https://www.sharesansar.com/company/ehpl,46,2025-08-20,624.90,625.50,603.00,604.91,-1.60,872.00,"535,902.50"
ehpl,Eastern Hydropower Limited,Hydropower,https://www.sharesansar.com/company/ehpl,47,2025-08-19,599.00,620.90,599.00,614.75,4.58,"6,346.00","3,886,591.00"
ehpl,Eastern Hydropower Limited,Hydropower,https://www.sharesansar.com/company/ehpl,48,2025-08-18,580.00,590.00,570.20,587.85,-0.24,"2,971.00","1,730,564.60"
ehpl,Eastern Hydropower Limited,Hydropower,https://www.sharesansar.com/company/ehpl,49,2025-08-17,600.00,600.00,588.00,589.28,-0.01,"1,457.00","861,769.40"
ehpl,Eastern Hydropower Limited,Hydropower,https://www.sharesansar.com/company/ehpl,50,2025-08-14,585.00,599.00,585.00,589.35,-0.96,"5,540.00","3,267,212.60"
ehpl,Eastern Hydropower Limited,Hydropower,https://www.sharesansar.com/company/ehpl,51,2025-08-13,594.00,602.00,591.00,595.09,-1.71,"2,355.00","1,402,198.10"
ehpl,Eastern Hydropower Limited,Hydropower,https://www.sharesansar.com/company/ehpl,52,2025-08-12,603.70,625.00,603.70,605.45,-1.70,"4,104.00","2,493,859.30"
ehpl,Eastern Hydropower Limited,Hydropower,https://www.sharesansar.com/company/ehpl,53,2025-08-11,620.00,644.00,605.20,615.89,-0.36,"4,217.00","2,612,575.20"
ehpl,Eastern Hydropower Limited,Hydropower,https://www.sharesansar.com/company/ehpl,54,2025-08-07,601.30,629.40,601.30,618.12,0.75,"2,189.00","1,360,525.70"
ehpl,Eastern Hydropower Limited,Hydropower,https://www.sharesansar.com/company/ehpl,55,2025-08-06,604.60,620.00,604.60,613.53,-0.54,"2,818.00","1,735,227.20"
ehpl,Eastern Hydropower Limited,Hydropower,https://www.sharesansar.com/company/ehpl,56,2025-08-05,620.00,630.00,615.00,616.85,-0.68,"2,520.00","1,559,358.40"
ehpl,Eastern Hydropower Limited,Hydropower,https://www.sharesansar.com/company/ehpl,57,2025-08-04,606.10,654.00,606.10,621.10,0.43,"1,489.00","928,371.00"
ehpl,Eastern Hydropower Limited,Hydropower,https://www.sharesansar.com/company/ehpl,58,2025-08-03,651.20,651.20,617.60,618.42,-3.14,"8,528.00","5,359,110.50"
ehpl,Eastern Hydropower Limited,Hydropower,https://www.sharesansar.com/company/ehpl,59,2025-07-31,635.80,660.00,635.80,638.46,-1.55,"8,130.00","5,241,011.80"
ehpl,Eastern Hydropower Limited,Hydropower,https://www.sharesansar.com/company/ehpl,60,2025-07-30,635.00,669.40,635.00,648.48,0.15,"13,845.00","9,081,039.80"
ehpl,Eastern Hydropower Limited,Hydropower,https://www.sharesansar.com/company/ehpl,61,2025-07-29,630.00,681.80,630.00,647.50,0.73,"8,839.00","5,778,642.30"
ehpl,Eastern Hydropower Limited,Hydropower,https://www.sharesansar.com/company/ehpl,62,2025-07-28,651.00,651.00,627.00,642.79,0.36,"9,340.00","5,933,029.70"
ehpl,Eastern Hydropower Limited,Hydropower,https://www.sharesansar.com/company/ehpl,63,2025-07-27,650.00,659.70,640.00,640.51,-1.08,"10,137.00","6,570,566.50"
ehpl,Eastern Hydropower Limited,Hydropower,https://www.sharesansar.com/company/ehpl,64,2025-07-24,657.00,660.00,640.00,647.52,0.20,"13,205.00","8,542,623.40"
ehpl,Eastern Hydropower Limited,Hydropower,https://www.sharesansar.com/company/ehpl,65,2025-07-23,649.00,658.90,635.00,646.25,-1.98,"7,416.00","4,769,755.10"
ehpl,Eastern Hydropower Limited,Hydropower,https://www.sharesansar.com/company/ehpl,66,2025-07-22,667.00,667.00,647.00,659.29,0.69,"7,169.00","4,690,879.70"
ehpl,Eastern Hydropower Limited,Hydropower,https://www.sharesansar.com/company/ehpl,67,2025-07-21,635.20,669.00,622.70,654.76,1.04,"14,635.00","9,355,653.60"
ehpl,Eastern Hydropower Limited,Hydropower,https://www.sharesansar.com/company/ehpl,68,2025-07-20,646.30,685.00,620.90,648.03,2.26,"23,048.00","15,050,087.40"
ehpl,Eastern Hydropower Limited,Hydropower,https://www.sharesansar.com/company/ehpl,69,2025-07-17,568.00,634.20,568.00,633.72,9.90,"22,651.00","13,909,211.00"
ehpl,Eastern Hydropower Limited,Hydropower,https://www.sharesansar.com/company/ehpl,70,2025-07-16,567.00,580.00,566.20,576.61,1.16,"7,109.00","4,089,418.60"
ehpl,Eastern Hydropower Limited,Hydropower,https://www.sharesansar.com/company/ehpl,71,2025-07-15,563.00,573.00,560.10,570.00,2.59,"1,450.00","820,196.50"
ehpl,Eastern Hydropower Limited,Hydropower,https://www.sharesansar.com/company/ehpl,72,2025-07-14,565.00,565.00,555.60,555.60,-1.85,"1,933.00","1,081,614.30"
ehpl,Eastern Hydropower Limited,Hydropower,https://www.sharesansar.com/company/ehpl,73,2025-07-13,570.00,590.00,565.00,566.07,-0.39,"3,076.00","1,754,286.50"
ehpl,Eastern Hydropower Limited,Hydropower,https://www.sharesansar.com/company/ehpl,74,2025-07-10,560.00,569.00,555.00,568.28,1.13,"4,501.00","2,531,433.00"
ehpl,Eastern Hydropower Limited,Hydropower,https://www.sharesansar.com/company/ehpl,75,2025-07-09,552.00,569.00,552.00,561.92,1.96,"1,953.00","1,096,388.00"
ehpl,Eastern Hydropower Limited,Hydropower,https://www.sharesansar.com/company/ehpl,76,2025-07-08,550.00,565.00,550.00,551.10,-0.97,477.00,"265,258.00"
ehpl,Eastern Hydropower Limited,Hydropower,https://www.sharesansar.com/company/ehpl,77,2025-07-07,565.00,565.00,548.00,556.50,-1.70,"2,932.00","1,625,572.00"
ehpl,Eastern Hydropower Limited,Hydropower,https://www.sharesansar.com/company/ehpl,78,2025-07-06,561.00,583.60,559.00,566.15,-1.00,"6,852.00","3,921,589.20"
ehpl,Eastern Hydropower Limited,Hydropower,https://www.sharesansar.com/company/ehpl,79,2025-07-03,583.30,583.30,571.00,571.85,-0.02,"2,341.00","1,341,597.80"
ehpl,Eastern Hydropower Limited,Hydropower,https://www.sharesansar.com/company/ehpl,80,2025-07-02,548.30,580.00,548.30,571.95,2.66,"6,521.00","3,738,090.00"
ehpl,Eastern Hydropower Limited,Hydropower,https://www.sharesansar.com/company/ehpl,81,2025-07-01,537.10,572.00,537.10,557.14,2.08,"3,134.00","1,746,616.20"
ehpl,Eastern Hydropower Limited,Hydropower,https://www.sharesansar.com/company/ehpl,82,2025-06-30,550.00,556.00,544.90,545.78,-0.57,"2,241.00","1,226,112.20"
ehpl,Eastern Hydropower Limited,Hydropower,https://www.sharesansar.com/company/ehpl,83,2025-06-29,540.00,550.00,540.00,548.90,1.63,"2,010.00","1,098,724.00"
ehpl,Eastern Hydropower Limited,Hydropower,https://www.sharesansar.com/company/ehpl,84,2025-06-26,532.20,562.00,532.20,540.08,-0.02,"2,944.00","1,600,454.10"
ehpl,Eastern Hydropower Limited,Hydropower,https://www.sharesansar.com/company/ehpl,85,2025-06-25,533.50,544.00,533.50,540.21,-0.65,"3,460.00","1,855,078.10"
ehpl,Eastern Hydropower Limited,Hydropower,https://www.sharesansar.com/company/ehpl,86,2025-06-24,549.80,550.00,540.00,543.75,0.66,"3,558.00","1,943,075.90"
ehpl,Eastern Hydropower Limited,Hydropower,https://www.sharesansar.com/company/ehpl,87,2025-06-23,540.00,549.50,540.00,540.19,-0.81,"1,501.00","812,137.10"
ehpl,Eastern Hydropower Limited,Hydropower,https://www.sharesansar.com/company/ehpl,88,2025-06-22,555.00,555.00,541.10,544.62,-0.65,"1,801.00","981,044.60"
ehpl,Eastern Hydropower Limited,Hydropower,https://www.sharesansar.com/company/ehpl,89,2025-06-19,552.10,567.80,546.60,548.19,-1.53,"3,068.00","1,695,272.90"
ehpl,Eastern Hydropower Limited,Hydropower,https://www.sharesansar.com/company/ehpl,90,2025-06-18,555.00,564.80,555.00,556.71,0.42,"1,912.00","1,064,947.30"
ehpl,Eastern Hydropower Limited,Hydropower,https://www.sharesansar.com/company/ehpl,91,2025-06-17,574.00,575.00,552.00,554.38,-1.79,"2,304.00","1,283,694.70"
ehpl,Eastern Hydropower Limited,Hydropower,https://www.sharesansar.com/company/ehpl,92,2025-06-16,557.00,582.30,555.20,564.49,0.60,"3,053.00","1,738,830.70"
ehpl,Eastern Hydropower Limited,Hydropower,https://www.sharesansar.com/company/ehpl,93,2025-06-15,575.00,575.00,551.00,561.12,-0.67,"6,364.00","3,540,879.40"
ehpl,Eastern Hydropower Limited,Hydropower,https://www.sharesansar.com/company/ehpl,94,2025-06-12,558.00,581.00,558.00,564.90,-0.77,"3,835.00","2,180,050.30"
ehpl,Eastern Hydropower Limited,Hydropower,https://www.sharesansar.com/company/ehpl,95,2025-06-11,580.00,589.80,569.00,569.27,-2.68,"2,094.00","1,203,471.40"
ehpl,Eastern Hydropower Limited,Hydropower,https://www.sharesansar.com/company/ehpl,96,2025-06-10,580.00,590.00,570.00,584.96,2.37,"7,905.00","4,550,522.10"
ehpl,Eastern Hydropower Limited,Hydropower,https://www.sharesansar.com/company/ehpl,97,2025-06-09,560.80,576.80,550.10,571.41,3.78,"8,710.00","4,924,063.30"
ehpl,Eastern Hydropower Limited,Hydropower,https://www.sharesansar.com/company/ehpl,98,2025-06-08,545.50,560.00,545.00,550.62,0.73,"5,886.00","3,249,956.00"
ehpl,Eastern Hydropower Limited,Hydropower,https://www.sharesansar.com/company/ehpl,99,2025-06-05,545.00,555.00,545.00,546.65,0.32,"2,976.00","1,634,247.00"
ehpl,Eastern Hydropower Limited,Hydropower,https://www.sharesansar.com/company/ehpl,100,2025-06-04,560.00,560.00,543.60,544.88,-1.88,"4,803.00","2,629,321.00"
ehpl,Eastern Hydropower Limited,Hydropower,https://www.sharesansar.com/company/ehpl,101,2025-06-03,560.00,565.00,550.00,555.31,-0.16,"1,337.00","743,881.00"
ehpl,Eastern Hydropower Limited,Hydropower,https://www.sharesansar.com/company/ehpl,102,2025-06-02,564.90,564.90,550.00,556.21,0.42,"2,015.00","1,115,382.00"
ehpl,Eastern Hydropower Limited,Hydropower,https://www.sharesansar.com/company/ehpl,103,2025-05-28,561.00,571.70,551.00,553.86,-2.78,"4,986.00","2,782,531.70"
ehpl,Eastern Hydropower Limited,Hydropower,https://www.sharesansar.com/company/ehpl,104,2025-05-27,565.60,575.00,565.00,569.68,-0.57,"3,069.00","1,741,778.80"
ehpl,Eastern Hydropower Limited,Hydropower,https://www.sharesansar.com/company/ehpl,105,2025-05-26,591.60,603.40,568.00,572.95,-1.22,"4,978.00","2,886,257.30"
ehpl,Eastern Hydropower Limited,Hydropower,https://www.sharesansar.com/company/ehpl,106,2025-05-25,585.00,587.00,579.00,580.04,-1.20,"1,558.00","906,623.60"
ehpl,Eastern Hydropower Limited,Hydropower,https://www.sharesansar.com/company/ehpl,107,2025-05-22,591.50,599.00,580.80,587.10,-1.25,"2,170.00","1,277,581.00"
ehpl,Eastern Hydropower Limited,Hydropower,https://www.sharesansar.com/company/ehpl,108,2025-05-21,599.30,600.00,586.00,594.52,1.18,"6,980.00","4,142,108.00"
ehpl,Eastern Hydropower Limited,Hydropower,https://www.sharesansar.com/company/ehpl,109,2025-05-20,578.00,599.00,572.40,587.56,0.82,"5,953.00","3,495,030.10"
ehpl,Eastern Hydropower Limited,Hydropower,https://www.sharesansar.com/company/ehpl,110,2025-05-19,588.00,590.00,579.00,582.81,0.83,"1,597.00","932,786.00"
ehpl,Eastern Hydropower Limited,Hydropower,https://www.sharesansar.com/company/ehpl,111,2025-05-18,595.00,599.00,574.00,578.00,-1.90,"5,539.00","3,215,949.10"
ehpl,Eastern Hydropower Limited,Hydropower,https://www.sharesansar.com/company/ehpl,112,2025-05-15,595.00,595.00,580.00,589.22,0.41,"3,570.00","2,091,386.80"
ehpl,Eastern Hydropower Limited,Hydropower,https://www.sharesansar.com/company/ehpl,113,2025-05-14,584.00,595.60,584.00,586.84,-1.04,"2,438.00","1,433,436.40"
ehpl,Eastern Hydropower Limited,Hydropower,https://www.sharesansar.com/company/ehpl,114,2025-05-13,595.00,606.00,588.20,593.00,-0.74,"3,595.00","2,147,901.80"
ehpl,Eastern Hydropower Limited,Hydropower,https://www.sharesansar.com/company/ehpl,115,2025-05-11,625.70,625.70,595.20,597.41,-2.62,"11,971.00","7,223,857.00"
ehpl,Eastern Hydropower Limited,Hydropower,https://www.sharesansar.com/company/ehpl,116,2025-05-08,633.00,640.00,603.00,613.47,-3.12,"12,349.00","7,691,901.80"
ehpl,Eastern Hydropower Limited,Hydropower,https://www.sharesansar.com/company/ehpl,117,2025-05-07,594.60,640.00,590.90,633.22,8.61,"14,027.00","8,642,045.20"
ehpl,Eastern Hydropower Limited,Hydropower,https://www.sharesansar.com/company/ehpl,118,2025-05-06,576.80,600.00,576.80,583.01,-0.94,"20,514.00","11,947,867.40"
ehpl,Eastern Hydropower Limited,Hydropower,https://www.sharesansar.com/company/ehpl,119,2025-05-05,604.00,604.00,584.00,588.52,-2.30,"6,700.00","3,956,227.50"
ehpl,Eastern Hydropower Limited,Hydropower,https://www.sharesansar.com/company/ehpl,120,2025-05-04,612.00,617.00,600.10,602.39,-1.98,"2,675.00","1,628,986.00"
ehpl,Eastern Hydropower Limited,Hydropower,https://www.sharesansar.com/company/ehpl,121,2025-04-30,620.00,623.00,611.10,614.53,-1.45,"4,919.00","3,026,134.00"
ehpl,Eastern Hydropower Limited,Hydropower,https://www.sharesansar.com/company/ehpl,122,2025-04-29,641.00,641.00,620.20,623.57,-2.65,"10,416.00","6,546,987.50"
ehpl,Eastern Hydropower Limited,Hydropower,https://www.sharesansar.com/company/ehpl,123,2025-04-28,648.00,660.00,640.00,640.52,-2.84,"3,653.00","2,361,469.60"
ehpl,Eastern Hydropower Limited,Hydropower,https://www.sharesansar.com/company/ehpl,124,2025-04-27,648.40,669.90,646.80,659.27,-0.34,"6,016.00","3,938,890.00"
ehpl,Eastern Hydropower Limited,Hydropower,https://www.sharesansar.com/company/ehpl,125,2025-04-24,675.00,675.00,650.00,661.54,-0.14,"4,679.00","3,067,607.00"
ehpl,Eastern Hydropower Limited,Hydropower,https://www.sharesansar.com/company/ehpl,126,2025-04-23,657.00,674.00,655.50,662.48,-0.83,"5,164.00","3,418,546.60"
ehpl,Eastern Hydropower Limited,Hydropower,https://www.sharesansar.com/company/ehpl,127,2025-04-22,680.00,684.90,667.90,668.03,-1.11,"4,241.00","2,850,158.50"
ehpl,Eastern Hydropower Limited,Hydropower,https://www.sharesansar.com/company/ehpl,128,2025-04-21,676.00,687.00,671.50,675.50,-0.72,"4,233.00","2,879,267.40"
ehpl,Eastern Hydropower Limited,Hydropower,https://www.sharesansar.com/company/ehpl,129,2025-04-20,688.00,698.00,678.00,680.43,-1.38,"5,729.00","3,933,751.00"
ehpl,Eastern Hydropower Limited,Hydropower,https://www.sharesansar.com/company/ehpl,130,2025-04-17,698.30,698.30,684.00,689.93,0.77,"8,918.00","6,153,497.60"
ehpl,Eastern Hydropower Limited,Hydropower,https://www.sharesansar.com/company/ehpl,131,2025-04-16,680.00,690.80,670.00,684.69,0.66,"5,317.00","3,620,122.90"
ehpl,Eastern Hydropower Limited,Hydropower,https://www.sharesansar.com/company/ehpl,132,2025-04-15,665.60,690.00,665.60,680.22,0.23,"4,472.00","3,058,928.60"
ehpl,Eastern Hydropower Limited,Hydropower,https://www.sharesansar.com/company/ehpl,133,2025-04-13,675.00,680.00,671.00,678.66,-0.07,"5,038.00","3,408,415.80"
ehpl,Eastern Hydropower Limited,Hydropower,https://www.sharesansar.com/company/ehpl,134,2025-04-10,685.00,685.00,668.20,679.14,0.19,"10,274.00","6,938,339.40"
ehpl,Eastern Hydropower Limited,Hydropower,https://www.sharesansar.com/company/ehpl,135,2025-04-09,690.00,690.00,675.00,677.88,-0.20,"5,515.00","3,747,972.50"
ehpl,Eastern Hydropower Limited,Hydropower,https://www.sharesansar.com/company/ehpl,136,2025-04-08,670.60,688.50,667.20,679.25,-0.74,"3,674.00","2,474,009.30"
ehpl,Eastern Hydropower Limited,Hydropower,https://www.sharesansar.com/company/ehpl,137,2025-04-07,699.90,700.00,680.50,684.28,-0.62,"10,154.00","6,963,407.00"
ehpl,Eastern Hydropower Limited,Hydropower,https://www.sharesansar.com/company/ehpl,138,2025-04-03,710.00,710.00,659.10,688.53,-1.63,"34,780.00","24,150,309.40"
ehpl,Eastern Hydropower Limited,Hydropower,https://www.sharesansar.com/company/ehpl,139,2025-04-02,700.00,711.00,691.00,699.94,1.07,"25,035.00","17,556,012.80"
ehpl,Eastern Hydropower Limited,Hydropower,https://www.sharesansar.com/company/ehpl,140,2025-04-01,712.00,712.00,677.00,692.54,-1.07,"4,283.00","2,957,666.30"
ehpl,Eastern Hydropower Limited,Hydropower,https://www.sharesansar.com/company/ehpl,141,2025-03-30,703.80,717.50,691.00,700.00,1.04,"12,067.00","8,523,534.40"
ehpl,Eastern Hydropower Limited,Hydropower,https://www.sharesansar.com/company/ehpl,142,2025-03-27,711.00,711.90,690.00,692.79,-1.53,"15,407.00","10,709,407.00"
ehpl,Eastern Hydropower Limited,Hydropower,https://www.sharesansar.com/company/ehpl,143,2025-03-26,695.50,710.90,663.50,703.59,2.73,"49,111.00","34,337,656.90"
ehpl,Eastern Hydropower Limited,Hydropower,https://www.sharesansar.com/company/ehpl,144,2025-03-25,727.30,730.00,676.20,684.86,-7.19,"14,632.00","10,226,020.60"
ehpl,Eastern Hydropower Limited,Hydropower,https://www.sharesansar.com/company/ehpl,145,2025-03-24,750.00,768.00,732.00,737.95,-1.88,"2,639.00","1,961,944.90"
ehpl,Eastern Hydropower Limited,Hydropower,https://www.sharesansar.com/company/ehpl,146,2025-03-23,760.30,790.60,745.00,752.09,-3.05,"4,777.00","3,612,291.50"
ehpl,Eastern Hydropower Limited,Hydropower,https://www.sharesansar.com/company/ehpl,147,2025-03-20,754.00,779.90,754.00,775.78,1.01,"41,010.00","31,811,213.00"
ehpl,Eastern Hydropower Limited,Hydropower,https://www.sharesansar.com/company/ehpl,148,2025-03-19,781.00,790.00,747.00,768.00,-1.65,"10,779.00","8,230,361.00"
ehpl,Eastern Hydropower Limited,Hydropower,https://www.sharesansar.com/company/ehpl,149,2025-03-18,790.00,794.00,763.00,780.90,-1.28,"4,844.00","3,745,195.60"
ehpl,Eastern Hydropower Limited,Hydropower,https://www.sharesansar.com/company/ehpl,150,2025-03-17,765.00,795.00,756.00,791.00,3.26,"13,394.00","10,335,204.80"
ehpl,Eastern Hydropower Limited,Hydropower,https://www.sharesansar.com/company/ehpl,151,2025-03-16,801.00,815.00,765.00,766.00,-4.37,"11,877.00","9,350,185.70"
ehpl,Eastern Hydropower Limited,Hydropower,https://www.sharesansar.com/company/ehpl,152,2025-03-12,813.40,835.70,797.20,801.00,-3.49,"33,263.00","27,105,220.60"
ehpl,Eastern Hydropower Limited,Hydropower,https://www.sharesansar.com/company/ehpl,153,2025-03-11,835.00,835.00,800.10,830.00,-1.07,"34,842.00","28,052,865.10"
ehpl,Eastern Hydropower Limited,Hydropower,https://www.sharesansar.com/company/ehpl,154,2025-03-10,840.00,856.00,828.10,839.00,-0.70,"17,031.00","14,177,396.50"
ehpl,Eastern Hydropower Limited,Hydropower,https://www.sharesansar.com/company/ehpl,155,2025-03-09,862.40,879.00,829.00,844.90,-3.99,"10,448.00","8,728,087.70"
ehpl,Eastern Hydropower Limited,Hydropower,https://www.sharesansar.com/company/ehpl,156,2025-03-06,844.70,913.00,844.70,880.00,2.10,"34,220.00","29,351,913.50"
ehpl,Eastern Hydropower Limited,Hydropower,https://www.sharesansar.com/company/ehpl,157,2025-03-05,839.00,861.90,826.00,861.90,0.69,"32,277.00","27,094,004.40"
ehpl,Eastern Hydropower Limited,Hydropower,https://www.sharesansar.com/company/ehpl,158,2025-03-04,839.90,890.00,839.90,856.00,-0.12,"26,740.00","22,926,370.00"
ehpl,Eastern Hydropower Limited,Hydropower,https://www.sharesansar.com/company/ehpl,159,2025-03-03,872.00,889.00,856.00,857.00,-1.83,"23,764.00","20,616,395.50"
ehpl,Eastern Hydropower Limited,Hydropower,https://www.sharesansar.com/company/ehpl,160,2025-03-02,867.30,885.00,867.30,873.00,-1.36,"21,054.00","18,442,593.60"
ehpl,Eastern Hydropower Limited,Hydropower,https://www.sharesansar.com/company/ehpl,161,2025-02-27,880.00,924.10,871.00,885.00,-0.34,"24,186.00","21,463,866.80"
ehpl,Eastern Hydropower Limited,Hydropower,https://www.sharesansar.com/company/ehpl,162,2025-02-25,902.70,902.70,871.00,888.00,0.34,"27,066.00","23,881,649.30"
ehpl,Eastern Hydropower Limited,Hydropower,https://www.sharesansar.com/company/ehpl,163,2025-02-24,902.00,920.00,860.00,885.00,0.00,"27,467.00","24,185,212.90"
ehpl,Eastern Hydropower Limited,Hydropower,https://www.sharesansar.com/company/ehpl,164,2025-02-23,903.60,903.60,870.00,885.00,-4.01,"24,117.00","21,388,321.20"
ehpl,Eastern Hydropower Limited,Hydropower,https://www.sharesansar.com/company/ehpl,165,2025-02-20,932.20,932.20,880.00,922.00,0.88,"21,981.00","19,678,877.80"
ehpl,Eastern Hydropower Limited,Hydropower,https://www.sharesansar.com/company/ehpl,166,2025-02-18,850.00,937.00,848.00,914.00,7.26,"51,582.00","45,768,217.05"
ehpl,Eastern Hydropower Limited,Hydropower,https://www.sharesansar.com/company/ehpl,167,2025-02-17,853.00,855.00,842.20,852.10,1.56,"21,813.00","18,500,281.50"
ehpl,Eastern Hydropower Limited,Hydropower,https://www.sharesansar.com/company/ehpl,168,2025-02-16,860.00,861.90,828.30,839.00,-0.71,"18,116.00","15,186,253.00"
ehpl,Eastern Hydropower Limited,Hydropower,https://www.sharesansar.com/company/ehpl,169,2025-02-13,832.00,860.00,832.00,845.00,-0.46,"17,221.00","14,555,578.00"
ehpl,Eastern Hydropower Limited,Hydropower,https://www.sharesansar.com/company/ehpl,170,2025-02-12,848.90,850.00,835.20,848.90,1.20,"29,226.00","24,701,889.30"
ehpl,Eastern Hydropower Limited,Hydropower,https://www.sharesansar.com/company/ehpl,171,2025-02-11,834.90,838.80,827.00,838.80,1.06,"22,178.00","18,493,374.50"
ehpl,Eastern Hydropower Limited,Hydropower,https://www.sharesansar.com/company/ehpl,172,2025-02-10,828.00,830.20,819.10,830.00,0.24,"15,252.00","12,594,640.90"
ehpl,Eastern Hydropower Limited,Hydropower,https://www.sharesansar.com/company/ehpl,173,2025-02-09,838.00,838.00,826.00,828.00,0.61,"14,369.00","11,933,086.10"
ehpl,Eastern Hydropower Limited,Hydropower,https://www.sharesansar.com/company/ehpl,174,2025-02-06,822.50,837.50,822.50,823.00,-0.96,"23,042.00","19,123,425.10"
ehpl,Eastern Hydropower Limited,Hydropower,https://www.sharesansar.com/company/ehpl,175,2025-02-05,815.00,846.90,815.00,831.00,0.74,"14,812.00","12,221,889.50"
ehpl,Eastern Hydropower Limited,Hydropower,https://www.sharesansar.com/company/ehpl,176,2025-02-04,824.00,864.00,811.00,824.90,-1.79,"12,438.00","10,308,616.00"
ehpl,Eastern Hydropower Limited,Hydropower,https://www.sharesansar.com/company/ehpl,177,2025-02-03,868.00,868.00,822.00,839.90,-1.30,"19,242.00","16,177,683.30"
ehpl,Eastern Hydropower Limited,Hydropower,https://www.sharesansar.com/company/ehpl,178,2025-02-02,815.00,864.80,815.00,851.00,2.53,"31,668.00","26,724,152.40"
ehpl,Eastern Hydropower Limited,Hydropower,https://www.sharesansar.com/company/ehpl,179,2025-01-28,811.00,843.60,811.00,830.00,0.36,"17,323.00","14,376,424.70"
ehpl,Eastern Hydropower Limited,Hydropower,https://www.sharesansar.com/company/ehpl,180,2025-01-27,836.40,846.00,805.00,827.00,0.85,"21,887.00","18,197,948.90"
ehpl,Eastern Hydropower Limited,Hydropower,https://www.sharesansar.com/company/ehpl,181,2025-01-26,795.00,850.00,795.00,820.00,1.42,"34,990.00","28,945,104.40"
ehpl,Eastern Hydropower Limited,Hydropower,https://www.sharesansar.com/company/ehpl,182,2025-01-23,800.00,822.00,800.00,808.50,-0.80,"16,875.00","13,681,707.60"
ehpl,Eastern Hydropower Limited,Hydropower,https://www.sharesansar.com/company/ehpl,183,2025-01-22,779.10,842.70,779.10,815.00,2.52,"17,604.00","14,213,595.90"
ehpl,Eastern Hydropower Limited,Hydropower,https://www.sharesansar.com/company/ehpl,184,2025-01-21,787.60,807.00,786.00,795.00,0.25,"14,772.00","11,755,762.60"
ehpl,Eastern Hydropower Limited,Hydropower,https://www.sharesansar.com/company/ehpl,185,2025-01-20,805.00,807.00,788.00,793.00,-0.83,"11,063.00","8,792,504.00"
ehpl,Eastern Hydropower Limited,Hydropower,https://www.sharesansar.com/company/ehpl,186,2025-01-19,787.00,810.00,786.00,799.60,1.50,"34,102.00","27,190,923.50"
ehpl,Eastern Hydropower Limited,Hydropower,https://www.sharesansar.com/company/ehpl,187,2025-01-16,783.00,797.00,769.00,787.80,-1.39,"8,186.00","6,414,339.50"
ehpl,Eastern Hydropower Limited,Hydropower,https://www.sharesansar.com/company/ehpl,188,2025-01-15,810.00,810.00,775.00,798.90,0.00,"23,511.00","18,470,004.20"
ehpl,Eastern Hydropower Limited,Hydropower,https://www.sharesansar.com/company/ehpl,189,2025-01-13,760.10,801.00,758.00,798.90,3.75,"12,261.00","9,538,179.50"
ehpl,Eastern Hydropower Limited,Hydropower,https://www.sharesansar.com/company/ehpl,190,2025-01-12,793.00,800.00,765.00,770.00,-2.90,"9,895.00","7,631,693.10"
ehpl,Eastern Hydropower Limited,Hydropower,https://www.sharesansar.com/company/ehpl,191,2025-01-09,784.00,831.00,777.60,793.00,-0.88,"17,501.00","13,831,621.70"
ehpl,Eastern Hydropower Limited,Hydropower,https://www.sharesansar.com/company/ehpl,192,2025-01-08,814.00,814.00,790.00,800.00,-0.62,"7,850.00","6,240,837.70"
ehpl,Eastern Hydropower Limited,Hydropower,https://www.sharesansar.com/company/ehpl,193,2025-01-07,816.00,832.00,790.00,805.00,0.63,"22,233.00","18,057,793.80"
ehpl,Eastern Hydropower Limited,Hydropower,https://www.sharesansar.com/company/ehpl,194,2025-01-06,774.00,804.00,774.00,800.00,3.36,"30,421.00","23,947,633.80"
ehpl,Eastern Hydropower Limited,Hydropower,https://www.sharesansar.com/company/ehpl,195,2025-01-05,746.00,790.00,746.00,774.00,1.84,"9,085.00","7,010,870.50"
ehpl,Eastern Hydropower Limited,Hydropower,https://www.sharesansar.com/company/ehpl,196,2025-01-02,749.00,770.90,749.00,760.00,2.70,"17,188.00","13,069,146.40"
ehpl,Eastern Hydropower Limited,Hydropower,https://www.sharesansar.com/company/ehpl,197,2025-01-01,717.10,745.00,717.10,740.00,1.23,"3,567.00","2,617,332.00"
ehpl,Eastern Hydropower Limited,Hydropower,https://www.sharesansar.com/company/ehpl,198,2024-12-31,769.00,769.90,711.00,731.00,-3.17,"18,637.00","13,708,034.00"
ehpl,Eastern Hydropower Limited,Hydropower,https://www.sharesansar.com/company/ehpl,199,2024-12-29,758.00,768.00,728.30,754.90,-1.96,"9,197.00","6,820,118.40"
ehpl,Eastern Hydropower Limited,Hydropower,https://www.sharesansar.com/company/ehpl,200,2024-12-26,766.00,779.90,755.00,770.00,-1.29,"4,134.00","3,157,818.00"
ehpl,Eastern Hydropower Limited,Hydropower,https://www.sharesansar.com/company/ehpl,201,2024-12-24,790.00,790.00,775.00,780.10,0.66,"18,870.00","14,812,745.40"
ehpl,Eastern Hydropower Limited,Hydropower,https://www.sharesansar.com/company/ehpl,202,2024-12-23,725.00,786.10,725.00,775.00,6.69,"20,685.00","15,807,678.30"
ehpl,Eastern Hydropower Limited,Hydropower,https://www.sharesansar.com/company/ehpl,203,2024-12-22,712.50,728.00,712.50,726.40,-0.08,"5,231.00","3,777,939.00"
ehpl,Eastern Hydropower Limited,Hydropower,https://www.sharesansar.com/company/ehpl,204,2024-12-19,716.10,740.00,716.10,727.00,-0.27,"2,609.00","1,883,160.80"
ehpl,Eastern Hydropower Limited,Hydropower,https://www.sharesansar.com/company/ehpl,205,2024-12-18,727.00,742.30,720.10,729.00,0.16,"6,065.00","4,432,023.60"
ehpl,Eastern Hydropower Limited,Hydropower,https://www.sharesansar.com/company/ehpl,206,2024-12-17,716.00,727.80,707.50,727.80,-0.30,"4,638.00","3,336,884.00"
ehpl,Eastern Hydropower Limited,Hydropower,https://www.sharesansar.com/company/ehpl,207,2024-12-16,730.00,730.00,705.10,730.00,-0.82,"5,330.00","3,830,178.20"
ehpl,Eastern Hydropower Limited,Hydropower,https://www.sharesansar.com/company/ehpl,208,2024-12-12,738.00,751.00,730.00,736.00,-0.27,"5,131.00","3,806,727.50"
ehpl,Eastern Hydropower Limited,Hydropower,https://www.sharesansar.com/company/ehpl,209,2024-12-11,727.20,740.00,727.20,738.00,0.27,"3,230.00","2,363,772.30"
ehpl,Eastern Hydropower Limited,Hydropower,https://www.sharesansar.com/company/ehpl,210,2024-12-10,760.00,760.00,726.00,736.00,-1.60,"5,013.00","3,682,937.40"
ehpl,Eastern Hydropower Limited,Hydropower,https://www.sharesansar.com/company/ehpl,211,2024-12-09,748.00,756.70,740.10,748.00,0.00,"5,882.00","4,378,135.00"
ehpl,Eastern Hydropower Limited,Hydropower,https://www.sharesansar.com/company/ehpl,212,2024-12-08,764.80,764.80,743.00,748.00,-0.60,"6,578.00","4,914,858.00"
ehpl,Eastern Hydropower Limited,Hydropower,https://www.sharesansar.com/company/ehpl,213,2024-12-05,774.00,774.80,752.00,752.50,-1.88,"7,447.00","5,649,994.10"
ehpl,Eastern Hydropower Limited,Hydropower,https://www.sharesansar.com/company/ehpl,214,2024-12-04,783.00,783.40,760.10,766.90,-0.16,"13,336.00","10,229,609.70"
ehpl,Eastern Hydropower Limited,Hydropower,https://www.sharesansar.com/company/ehpl,215,2024-12-03,787.40,801.90,761.50,768.10,-0.51,"13,661.00","10,558,635.80"
ehpl,Eastern Hydropower Limited,Hydropower,https://www.sharesansar.com/company/ehpl,216,2024-12-02,794.50,794.50,770.00,772.00,-0.90,"7,793.00","6,041,299.60"
ehpl,Eastern Hydropower Limited,Hydropower,https://www.sharesansar.com/company/ehpl,217,2024-12-01,779.00,792.80,767.50,779.00,-0.13,"5,004.00","3,880,625.00"
ehpl,Eastern Hydropower Limited,Hydropower,https://www.sharesansar.com/company/ehpl,218,2024-11-28,798.70,798.70,775.00,780.00,-0.62,"7,954.00","6,199,453.40"
ehpl,Eastern Hydropower Limited,Hydropower,https://www.sharesansar.com/company/ehpl,219,2024-11-27,799.90,799.90,780.00,784.90,-0.65,"9,644.00","7,560,741.50"
ehpl,Eastern Hydropower Limited,Hydropower,https://www.sharesansar.com/company/ehpl,220,2024-11-26,801.00,801.00,779.00,790.00,0.51,"10,243.00","8,090,832.30"
ehpl,Eastern Hydropower Limited,Hydropower,https://www.sharesansar.com/company/ehpl,221,2024-11-25,780.00,797.00,773.20,786.00,0.26,"6,709.00","5,238,136.60"
ehpl,Eastern Hydropower Limited,Hydropower,https://www.sharesansar.com/company/ehpl,222,2024-11-24,813.90,813.90,773.00,784.00,-1.94,"3,535.00","2,778,729.10"
ehpl,Eastern Hydropower Limited,Hydropower,https://www.sharesansar.com/company/ehpl,223,2024-11-21,774.20,815.00,772.00,799.50,1.20,"27,692.00","22,082,078.80"
ehpl,Eastern Hydropower Limited,Hydropower,https://www.sharesansar.com/company/ehpl,224,2024-11-20,770.00,791.00,744.80,790.00,3.95,"14,294.00","11,192,897.70"
ehpl,Eastern Hydropower Limited,Hydropower,https://www.sharesansar.com/company/ehpl,225,2024-11-19,789.00,789.00,742.00,760.00,-1.81,"13,949.00","10,598,909.30"
ehpl,Eastern Hydropower Limited,Hydropower,https://www.sharesansar.com/company/ehpl,226,2024-11-17,799.00,799.00,770.00,774.00,-1.31,"16,287.00","12,708,776.40"
ehpl,Eastern Hydropower Limited,Hydropower,https://www.sharesansar.com/company/ehpl,227,2024-11-14,776.40,802.90,775.00,784.30,-0.93,"18,800.00","14,728,205.20"
ehpl,Eastern Hydropower Limited,Hydropower,https://www.sharesansar.com/company/ehpl,228,2024-11-13,797.00,810.00,774.00,791.70,-0.66,"11,422.00","8,918,483.70"
ehpl,Eastern Hydropower Limited,Hydropower,https://www.sharesansar.com/company/ehpl,229,2024-11-12,798.30,810.60,785.10,797.00,-2.15,"11,330.00","8,985,790.60"
ehpl,Eastern Hydropower Limited,Hydropower,https://www.sharesansar.com/company/ehpl,230,2024-11-11,886.90,886.90,814.50,814.50,-10.00,"83,919.00","68,523,365.10"
ehpl,Eastern Hydropower Limited,Hydropower,https://www.sharesansar.com/company/ehpl,231,2024-11-10,810.00,905.00,810.00,905.00,9.50,"31,356.00","25,781,821.60"
ehpl,Eastern Hydropower Limited,Hydropower,https://www.sharesansar.com/company/ehpl,232,2024-11-06,836.00,836.40,812.00,826.50,0.79,"6,286.00","5,166,804.70"
ehpl,Eastern Hydropower Limited,Hydropower,https://www.sharesansar.com/company/ehpl,233,2024-11-05,820.50,877.00,812.00,820.00,-0.92,"8,702.00","7,204,270.90"
ehpl,Eastern Hydropower Limited,Hydropower,https://www.sharesansar.com/company/ehpl,234,2024-10-30,846.00,846.00,815.00,827.60,-0.29,"5,790.00","4,775,549.00"
ehpl,Eastern Hydropower Limited,Hydropower,https://www.sharesansar.com/company/ehpl,235,2024-10-29,821.00,830.00,808.10,830.00,0.97,"5,793.00","4,735,128.30"
ehpl,Eastern Hydropower Limited,Hydropower,https://www.sharesansar.com/company/ehpl,236,2024-10-28,798.70,829.00,798.70,822.00,0.86,"6,819.00","5,578,715.20"
ehpl,Eastern Hydropower Limited,Hydropower,https://www.sharesansar.com/company/ehpl,237,2024-10-27,810.10,830.00,801.00,815.00,-0.62,"7,777.00","6,327,045.10"
ehpl,Eastern Hydropower Limited,Hydropower,https://www.sharesansar.com/company/ehpl,238,2024-10-24,816.90,901.60,816.90,820.10,-1.61,"4,416.00","3,651,031.10"
ehpl,Eastern Hydropower Limited,Hydropower,https://www.sharesansar.com/company/ehpl,239,2024-10-23,815.50,915.30,815.50,833.50,0.17,"7,428.00","6,234,762.60"
ehpl,Eastern Hydropower Limited,Hydropower,https://www.sharesansar.com/company/ehpl,240,2024-10-22,835.00,852.00,832.00,832.10,-0.24,"9,047.00","7,578,775.50"
ehpl,Eastern Hydropower Limited,Hydropower,https://www.sharesansar.com/company/ehpl,241,2024-10-21,858.20,858.20,825.10,834.10,-4.75,"18,054.00","15,056,625.00"
ehpl,Eastern Hydropower Limited,Hydropower,https://www.sharesansar.com/company/ehpl,242,2024-10-20,953.60,953.60,875.70,875.70,-10.00,"40,076.00","35,114,206.00"
ehpl,Eastern Hydropower Limited,Hydropower,https://www.sharesansar.com/company/ehpl,243,2024-10-17,926.10,992.30,850.50,973.00,2.96,"106,634.00","93,367,697.30"
ehpl,Eastern Hydropower Limited,Hydropower,https://www.sharesansar.com/company/ehpl,244,2024-10-16,847.80,946.00,847.80,945.00,9.24,"33,638.00","29,732,516.90"
ehpl,Eastern Hydropower Limited,Hydropower,https://www.sharesansar.com/company/ehpl,245,2024-10-15,835.20,912.80,835.20,865.10,1.51,"26,704.00","23,232,256.90"
ehpl,Eastern Hydropower Limited,Hydropower,https://www.sharesansar.com/company/ehpl,246,2024-10-09,810.00,881.00,810.00,852.20,3.80,"49,141.00","41,732,818.30"
ehpl,Eastern Hydropower Limited,Hydropower,https://www.sharesansar.com/company/ehpl,247,2024-10-08,879.40,879.40,807.60,821.00,-8.50,"28,251.00","23,161,589.40"
ehpl,Eastern Hydropower Limited,Hydropower,https://www.sharesansar.com/company/ehpl,248,2024-10-07,977.10,977.10,897.30,897.30,-10.00,"3,777.00","3,392,219.50"
ehpl,Eastern Hydropower Limited,Hydropower,https://www.sharesansar.com/company/ehpl,249,2024-10-06,890.90,997.00,818.10,997.00,9.68,"62,222.00","52,595,394.90"
ehpl,Eastern Hydropower Limited,Hydropower,https://www.sharesansar.com/company/ehpl,250,2024-10-02,847.00,913.00,830.10,909.00,9.45,"48,011.00","40,991,330.10"
ehpl,Eastern Hydropower Limited,Hydropower,https://www.sharesansar.com/company/ehpl,251,2024-10-01,770.00,830.50,761.20,830.50,10.00,"21,332.00","17,152,420.40"
ehpl,Eastern Hydropower Limited,Hydropower,https://www.sharesansar.com/company/ehpl,252,2024-09-30,736.00,769.00,735.00,755.00,2.58,"7,715.00","5,803,243.50"
ehpl,Eastern Hydropower Limited,Hydropower,https://www.sharesansar.com/company/ehpl,253,2024-09-29,720.00,757.00,705.70,736.00,0.82,"14,395.00","10,582,044.80"
ehpl,Eastern Hydropower Limited,Hydropower,https://www.sharesansar.com/company/ehpl,254,2024-09-26,753.60,757.90,721.00,730.00,-1.22,"11,805.00","8,787,839.00"
ehpl,Eastern Hydropower Limited,Hydropower,https://www.sharesansar.com/company/ehpl,255,2024-09-25,710.00,752.00,706.10,739.00,2.64,"4,734.00","3,451,290.00"
ehpl,Eastern Hydropower Limited,Hydropower,https://www.sharesansar.com/company/ehpl,256,2024-09-24,756.80,760.00,720.00,720.00,-6.76,"10,253.00","7,530,041.70"
ehpl,Eastern Hydropower Limited,Hydropower,https://www.sharesansar.com/company/ehpl,257,2024-09-23,840.90,840.90,772.20,772.20,-10.00,"13,776.00","10,713,314.80"
ehpl,Eastern Hydropower Limited,Hydropower,https://www.sharesansar.com/company/ehpl,258,2024-09-22,781.10,858.00,766.00,858.00,10.00,"35,843.00","28,516,007.90"
ehpl,Eastern Hydropower Limited,Hydropower,https://www.sharesansar.com/company/ehpl,259,2024-09-18,781.00,837.00,765.40,780.00,-2.01,"10,627.00","8,439,699.70"
ehpl,Eastern Hydropower Limited,Hydropower,https://www.sharesansar.com/company/ehpl,260,2024-09-16,837.90,842.60,791.10,796.00,-3.10,"30,304.00","24,690,496.80"
ehpl,Eastern Hydropower Limited,Hydropower,https://www.sharesansar.com/company/ehpl,261,2024-09-15,761.80,821.50,761.80,821.50,9.99,"50,763.00","41,122,654.20"
ehpl,Eastern Hydropower Limited,Hydropower,https://www.sharesansar.com/company/ehpl,262,2024-09-12,688.00,746.90,687.20,746.90,10.00,"45,937.00","33,039,611.10"
ehpl,Eastern Hydropower Limited,Hydropower,https://www.sharesansar.com/company/ehpl,263,2024-09-11,661.00,685.00,654.00,679.00,0.70,"26,835.00","18,009,958.00"
ehpl,Eastern Hydropower Limited,Hydropower,https://www.sharesansar.com/company/ehpl,264,2024-09-10,696.00,750.00,674.30,674.30,-2.98,"48,095.00","33,608,851.70"
ehpl,Eastern Hydropower Limited,Hydropower,https://www.sharesansar.com/company/ehpl,265,2024-09-09,698.00,700.00,681.00,695.00,-0.43,"30,450.00","20,927,493.40"
ehpl,Eastern Hydropower Limited,Hydropower,https://www.sharesansar.com/company/ehpl,266,2024-09-08,704.80,715.00,660.00,698.00,1.01,"30,781.00","21,471,504.60"
ehpl,Eastern Hydropower Limited,Hydropower,https://www.sharesansar.com/company/ehpl,267,2024-09-05,689.30,750.00,685.10,691.00,0.25,"25,979.00","18,342,704.90"
ehpl,Eastern Hydropower Limited,Hydropower,https://www.sharesansar.com/company/ehpl,268,2024-09-04,639.20,689.30,639.20,689.30,9.99,"70,393.00","47,831,522.90"
ehpl,Eastern Hydropower Limited,Hydropower,https://www.sharesansar.com/company/ehpl,269,2024-09-03,566.00,626.70,550.10,626.70,9.99,"23,534.00","14,162,425.00"
ehpl,Eastern Hydropower Limited,Hydropower,https://www.sharesansar.com/company/ehpl,270,2024-09-02,549.70,569.80,542.00,569.80,5.71,"4,884.00","2,723,232.90"
ehpl,Eastern Hydropower Limited,Hydropower,https://www.sharesansar.com/company/ehpl,271,2024-09-01,535.00,567.90,535.00,539.00,-0.19,"12,667.00","7,010,415.80"
ehpl,Eastern Hydropower Limited,Hydropower,https://www.sharesansar.com/company/ehpl,272,2024-08-29,540.00,560.00,530.30,540.00,-1.46,"5,766.00","3,134,816.00"
ehpl,Eastern Hydropower Limited,Hydropower,https://www.sharesansar.com/company/ehpl,273,2024-08-28,550.00,576.30,531.60,548.00,0.74,"5,692.00","3,115,492.00"
ehpl,Eastern Hydropower Limited,Hydropower,https://www.sharesansar.com/company/ehpl,274,2024-08-27,565.50,585.00,533.30,544.00,-5.72,"6,864.00","3,804,922.30"
ehpl,Eastern Hydropower Limited,Hydropower,https://www.sharesansar.com/company/ehpl,275,2024-08-25,578.10,612.70,576.00,577.00,-2.17,"5,355.00","3,149,998.50"
ehpl,Eastern Hydropower Limited,Hydropower,https://www.sharesansar.com/company/ehpl,276,2024-08-22,588.00,611.50,576.10,589.80,0.31,"9,297.00","5,479,709.60"
ehpl,Eastern Hydropower Limited,Hydropower,https://www.sharesansar.com/company/ehpl,277,2024-08-21,599.00,599.00,569.50,588.00,-1.03,"15,526.00","9,007,666.70"
ehpl,Eastern Hydropower Limited,Hydropower,https://www.sharesansar.com/company/ehpl,278,2024-08-18,620.50,625.00,594.10,594.10,-6.15,"15,008.00","9,144,549.80"
ehpl,Eastern Hydropower Limited,Hydropower,https://www.sharesansar.com/company/ehpl,279,2024-08-15,644.80,681.00,633.00,633.00,-3.78,"14,697.00","9,551,238.50"
ehpl,Eastern Hydropower Limited,Hydropower,https://www.sharesansar.com/company/ehpl,280,2024-08-14,630.00,657.90,618.30,657.90,5.03,"19,442.00","12,368,130.60"
ehpl,Eastern Hydropower Limited,Hydropower,https://www.sharesansar.com/company/ehpl,281,2024-08-13,642.60,650.00,620.00,626.40,-0.57,"28,833.00","18,293,838.80"
ehpl,Eastern Hydropower Limited,Hydropower,https://www.sharesansar.com/company/ehpl,282,2024-08-12,615.20,635.00,605.00,630.00,4.44,"27,474.00","17,204,989.90"
ehpl,Eastern Hydropower Limited,Hydropower,https://www.sharesansar.com/company/ehpl,283,2024-08-11,600.00,615.00,595.10,603.20,0.53,"12,660.00","7,666,187.30"
ehpl,Eastern Hydropower Limited,Hydropower,https://www.sharesansar.com/company/ehpl,284,2024-08-08,606.70,625.00,590.00,600.00,-3.07,"15,453.00","9,310,890.40"
ehpl,Eastern Hydropower Limited,Hydropower,https://www.sharesansar.com/company/ehpl,285,2024-08-07,595.00,631.20,585.30,619.00,4.05,"19,594.00","11,892,776.10"
ehpl,Eastern Hydropower Limited,Hydropower,https://www.sharesansar.com/company/ehpl,286,2024-08-06,620.00,638.00,585.10,594.90,-3.27,"31,838.00","19,549,268.30"
ehpl,Eastern Hydropower Limited,Hydropower,https://www.sharesansar.com/company/ehpl,287,2024-08-05,590.00,618.00,580.00,615.00,5.15,"24,231.00","14,653,558.00"
ehpl,Eastern Hydropower Limited,Hydropower,https://www.sharesansar.com/company/ehpl,288,2024-08-01,601.00,603.00,577.20,584.90,-2.52,"14,204.00","8,405,233.50"
ehpl,Eastern Hydropower Limited,Hydropower,https://www.sharesansar.com/company/ehpl,289,2024-07-31,607.90,610.00,590.10,600.00,0.67,"26,995.00","16,188,867.80"
ehpl,Eastern Hydropower Limited,Hydropower,https://www.sharesansar.com/company/ehpl,290,2024-07-30,575.20,602.70,575.20,596.00,2.41,"14,651.00","8,702,180.50"
ehpl,Eastern Hydropower Limited,Hydropower,https://www.sharesansar.com/company/ehpl,291,2024-07-29,585.60,621.00,582.00,582.00,-2.59,"17,679.00","10,470,314.50"
ehpl,Eastern Hydropower Limited,Hydropower,https://www.sharesansar.com/company/ehpl,292,2024-07-28,608.90,608.90,575.10,597.50,0.08,"17,789.00","10,535,692.50"
ehpl,Eastern Hydropower Limited,Hydropower,https://www.sharesansar.com/company/ehpl,293,2024-07-25,574.20,603.00,574.20,597.00,2.05,"23,980.00","14,277,116.60"
ehpl,Eastern Hydropower Limited,Hydropower,https://www.sharesansar.com/company/ehpl,294,2024-07-24,587.10,607.00,578.00,585.00,-2.17,"21,726.00","12,848,134.80"
ehpl,Eastern Hydropower Limited,Hydropower,https://www.sharesansar.com/company/ehpl,295,2024-07-23,578.20,605.40,566.70,598.00,1.36,"20,533.00","12,186,651.70"
ehpl,Eastern Hydropower Limited,Hydropower,https://www.sharesansar.com/company/ehpl,296,2024-07-22,589.30,601.00,580.00,590.00,-1.88,"20,742.00","12,146,341.30"
ehpl,Eastern Hydropower Limited,Hydropower,https://www.sharesansar.com/company/ehpl,297,2024-07-21,625.00,625.00,600.00,601.30,-3.64,"31,230.00","18,980,237.10"
ehpl,Eastern Hydropower Limited,Hydropower,https://www.sharesansar.com/company/ehpl,298,2024-07-18,600.00,642.00,589.00,624.00,5.94,"44,930.00","27,117,781.90"
ehpl,Eastern Hydropower Limited,Hydropower,https://www.sharesansar.com/company/ehpl,299,2024-07-17,568.40,594.00,568.40,589.00,1.55,"32,224.00","18,781,267.10"
ehpl,Eastern Hydropower Limited,Hydropower,https://www.sharesansar.com/company/ehpl,300,2024-07-16,550.00,580.00,550.00,580.00,5.44,"22,771.00","13,003,341.50"
ehpl,Eastern Hydropower Limited,Hydropower,https://www.sharesansar.com/company/ehpl,301,2024-07-15,566.00,566.00,547.50,550.10,-0.88,"15,122.00","8,446,841.50"
ehpl,Eastern Hydropower Limited,Hydropower,https://www.sharesansar.com/company/ehpl,302,2024-07-14,552.80,558.00,541.80,555.00,2.40,"13,658.00","7,538,695.50"
ehpl,Eastern Hydropower Limited,Hydropower,https://www.sharesansar.com/company/ehpl,303,2024-07-11,540.00,552.00,531.00,542.00,-1.28,"9,332.00","5,089,478.50"
ehpl,Eastern Hydropower Limited,Hydropower,https://www.sharesansar.com/company/ehpl,304,2024-07-10,555.90,555.90,537.00,549.00,0.73,"10,207.00","5,565,430.80"
ehpl,Eastern Hydropower Limited,Hydropower,https://www.sharesansar.com/company/ehpl,305,2024-07-09,518.60,572.20,518.60,545.00,3.01,"17,723.00","9,567,902.90"
ehpl,Eastern Hydropower Limited,Hydropower,https://www.sharesansar.com/company/ehpl,306,2024-07-08,525.90,541.60,525.90,529.10,-1.10,"5,217.00","2,795,652.70"
ehpl,Eastern Hydropower Limited,Hydropower,https://www.sharesansar.com/company/ehpl,307,2024-07-07,527.50,558.90,527.50,535.00,-0.59,"8,020.00","4,334,821.00"
ehpl,Eastern Hydropower Limited,Hydropower,https://www.sharesansar.com/company/ehpl,308,2024-07-04,550.00,559.00,538.00,538.20,-2.15,"9,852.00","5,359,535.70"
ehpl,Eastern Hydropower Limited,Hydropower,https://www.sharesansar.com/company/ehpl,309,2024-07-03,553.70,559.00,548.00,550.00,-2.65,"3,589.00","1,979,347.90"
ehpl,Eastern Hydropower Limited,Hydropower,https://www.sharesansar.com/company/ehpl,310,2024-07-02,558.90,581.00,527.40,565.00,3.10,"4,873.00","2,728,746.80"
ehpl,Eastern Hydropower Limited,Hydropower,https://www.sharesansar.com/company/ehpl,311,2024-07-01,535.10,548.80,535.10,548.00,0.37,"5,800.00","3,134,755.00"
ehpl,Eastern Hydropower Limited,Hydropower,https://www.sharesansar.com/company/ehpl,312,2024-06-30,574.00,574.00,536.00,546.00,-3.16,"9,602.00","5,274,369.50"
ehpl,Eastern Hydropower Limited,Hydropower,https://www.sharesansar.com/company/ehpl,313,2024-06-27,549.80,570.00,549.80,563.80,0.50,"5,475.00","3,042,063.10"
ehpl,Eastern Hydropower Limited,Hydropower,https://www.sharesansar.com/company/ehpl,314,2024-06-26,589.50,589.50,560.00,561.00,-3.26,"8,078.00","4,569,596.20"
ehpl,Eastern Hydropower Limited,Hydropower,https://www.sharesansar.com/company/ehpl,315,2024-06-25,557.00,579.90,545.00,579.90,6.01,"20,224.00","11,440,976.10"
ehpl,Eastern Hydropower Limited,Hydropower,https://www.sharesansar.com/company/ehpl,316,2024-06-24,560.00,560.00,540.00,547.00,-0.53,"10,154.00","5,568,589.20"
ehpl,Eastern Hydropower Limited,Hydropower,https://www.sharesansar.com/company/ehpl,317,2024-06-23,539.00,555.00,535.00,549.90,0.16,"10,696.00","5,782,127.00"
ehpl,Eastern Hydropower Limited,Hydropower,https://www.sharesansar.com/company/ehpl,318,2024-06-20,538.10,562.90,538.10,549.00,0.00,"7,080.00","3,871,981.60"
ehpl,Eastern Hydropower Limited,Hydropower,https://www.sharesansar.com/company/ehpl,319,2024-06-19,565.00,565.00,541.20,549.00,-1.06,"7,649.00","4,187,313.90"
ehpl,Eastern Hydropower Limited,Hydropower,https://www.sharesansar.com/company/ehpl,320,2024-06-18,539.00,559.00,539.00,554.90,0.89,"10,550.00","5,742,932.50"
ehpl,Eastern Hydropower Limited,Hydropower,https://www.sharesansar.com/company/ehpl,321,2024-06-16,577.50,577.50,546.00,550.00,-2.86,"19,657.00","10,956,614.60"
ehpl,Eastern Hydropower Limited,Hydropower,https://www.sharesansar.com/company/ehpl,322,2024-06-13,568.00,580.90,565.10,566.20,-2.21,"21,635.00","12,406,140.00"
ehpl,Eastern Hydropower Limited,Hydropower,https://www.sharesansar.com/company/ehpl,323,2024-06-12,618.10,618.10,573.00,579.00,-4.46,"39,772.00","23,318,564.70"
ehpl,Eastern Hydropower Limited,Hydropower,https://www.sharesansar.com/company/ehpl,324,2024-06-11,570.00,612.00,568.00,606.00,4.48,"40,338.00","23,993,387.50"
ehpl,Eastern Hydropower Limited,Hydropower,https://www.sharesansar.com/company/ehpl,325,2024-06-10,550.00,590.00,550.00,580.00,5.45,"31,184.00","17,948,297.30"
ehpl,Eastern Hydropower Limited,Hydropower,https://www.sharesansar.com/company/ehpl,326,2024-06-09,500.00,550.00,500.00,550.00,10.00,"45,693.00","24,434,362.30"
ehpl,Eastern Hydropower Limited,Hydropower,https://www.sharesansar.com/company/ehpl,327,2024-06-06,490.00,518.00,490.00,500.00,0.00,"14,215.00","7,171,755.40"
ehpl,Eastern Hydropower Limited,Hydropower,https://www.sharesansar.com/company/ehpl,328,2024-06-05,502.00,509.90,497.00,500.00,-1.77,"5,341.00","2,682,961.00"
ehpl,Eastern Hydropower Limited,Hydropower,https://www.sharesansar.com/company/ehpl,329,2024-06-04,544.60,550.00,508.50,509.00,-4.68,"16,529.00","8,634,445.60"
ehpl,Eastern Hydropower Limited,Hydropower,https://www.sharesansar.com/company/ehpl,330,2024-06-03,509.00,565.00,508.00,534.00,2.83,"27,593.00","14,646,111.90"
ehpl,Eastern Hydropower Limited,Hydropower,https://www.sharesansar.com/company/ehpl,331,2024-06-02,494.00,523.60,494.00,519.30,3.04,"23,473.00","11,972,919.20"
ehpl,Eastern Hydropower Limited,Hydropower,https://www.sharesansar.com/company/ehpl,332,2024-05-30,510.00,520.00,495.00,504.00,-2.70,"26,388.00","13,301,078.70"
ehpl,Eastern Hydropower Limited,Hydropower,https://www.sharesansar.com/company/ehpl,333,2024-05-29,543.60,543.60,511.50,518.00,-2.81,"18,604.00","9,741,307.20"
ehpl,Eastern Hydropower Limited,Hydropower,https://www.sharesansar.com/company/ehpl,334,2024-05-27,500.80,536.00,496.20,533.00,4.31,"40,243.00","20,800,684.50"
ehpl,Eastern Hydropower Limited,Hydropower,https://www.sharesansar.com/company/ehpl,335,2024-05-26,510.00,524.90,496.00,511.00,-1.73,"31,989.00","16,339,007.30"
ehpl,Eastern Hydropower Limited,Hydropower,https://www.sharesansar.com/company/ehpl,336,2024-05-22,502.00,521.00,491.10,520.00,5.35,"45,545.00","23,167,772.00"
ehpl,Eastern Hydropower Limited,Hydropower,https://www.sharesansar.com/company/ehpl,337,2024-05-21,455.00,493.60,444.00,493.60,9.71,"40,213.00","18,854,047.50"
ehpl,Eastern Hydropower Limited,Hydropower,https://www.sharesansar.com/company/ehpl,338,2024-05-20,455.00,455.00,441.00,449.90,0.02,"6,008.00","2,692,266.00"
ehpl,Eastern Hydropower Limited,Hydropower,https://www.sharesansar.com/company/ehpl,339,2024-05-19,441.00,454.00,440.00,449.80,0.40,"5,707.00","2,550,145.00"
ehpl,Eastern Hydropower Limited,Hydropower,https://www.sharesansar.com/company/ehpl,340,2024-05-16,437.00,455.00,435.00,448.00,1.13,"7,657.00","3,356,380.60"
ehpl,Eastern Hydropower Limited,Hydropower,https://www.sharesansar.com/company/ehpl,341,2024-05-15,442.10,467.90,442.10,443.00,-1.56,"5,469.00","2,475,222.50"
ehpl,Eastern Hydropower Limited,Hydropower,https://www.sharesansar.com/company/ehpl,342,2024-05-14,446.00,465.00,446.00,450.00,-0.88,"9,761.00","4,462,297.00"
ehpl,Eastern Hydropower Limited,Hydropower,https://www.sharesansar.com/company/ehpl,343,2024-05-13,464.90,464.90,440.00,454.00,-1.73,"2,860.00","1,281,658.00"
ehpl,Eastern Hydropower Limited,Hydropower,https://www.sharesansar.com/company/ehpl,344,2024-05-12,437.00,478.00,437.00,462.00,4.31,"16,337.00","7,368,043.00"
ehpl,Eastern Hydropower Limited,Hydropower,https://www.sharesansar.com/company/ehpl,345,2024-05-09,443.70,443.70,436.00,442.90,0.66,"4,611.00","2,025,258.00"
ehpl,Eastern Hydropower Limited,Hydropower,https://www.sharesansar.com/company/ehpl,346,2024-05-08,449.00,449.00,432.00,440.00,-0.56,"1,531.00","669,791.40"
ehpl,Eastern Hydropower Limited,Hydropower,https://www.sharesansar.com/company/ehpl,347,2024-05-07,448.00,457.90,434.00,442.50,-1.64,"5,395.00","2,383,832.00"
ehpl,Eastern Hydropower Limited,Hydropower,https://www.sharesansar.com/company/ehpl,348,2024-05-06,449.00,460.00,441.80,449.90,-1.53,"3,541.00","1,570,970.00"
ehpl,Eastern Hydropower Limited,Hydropower,https://www.sharesansar.com/company/ehpl,349,2024-05-05,460.00,460.00,449.10,456.90,-1.32,"3,120.00","1,415,321.00"
ehpl,Eastern Hydropower Limited,Hydropower,https://www.sharesansar.com/company/ehpl,350,2024-05-02,482.40,482.40,455.20,463.00,-2.11,"4,591.00","2,122,152.00"
ehpl,Eastern Hydropower Limited,Hydropower,https://www.sharesansar.com/company/ehpl,351,2024-04-30,461.10,480.40,446.70,473.00,4.62,"25,494.00","11,906,540.10"
ehpl,Eastern Hydropower Limited,Hydropower,https://www.sharesansar.com/company/ehpl,352,2024-04-29,478.90,478.90,451.00,452.10,-3.81,"10,880.00","4,954,553.20"
ehpl,Eastern Hydropower Limited,Hydropower,https://www.sharesansar.com/company/ehpl,353,2024-04-28,470.20,517.00,462.00,470.00,-2.02,"37,815.00","17,877,241.00"
ehpl,Eastern Hydropower Limited,Hydropower,https://www.sharesansar.com/company/ehpl,354,2024-04-25,474.30,482.00,466.00,479.70,3.16,"21,376.00","10,173,366.10"
ehpl,Eastern Hydropower Limited,Hydropower,https://www.sharesansar.com/company/ehpl,355,2024-04-24,465.10,473.10,457.00,465.00,1.97,"41,905.00","19,457,546.00"
ehpl,Eastern Hydropower Limited,Hydropower,https://www.sharesansar.com/company/ehpl,356,2024-04-22,453.60,465.00,436.00,456.00,2.47,"26,575.00","12,088,723.30"
ehpl,Eastern Hydropower Limited,Hydropower,https://www.sharesansar.com/company/ehpl,357,2024-04-21,447.40,456.30,431.80,445.00,1.41,"2,400.00","1,058,972.00"
ehpl,Eastern Hydropower Limited,Hydropower,https://www.sharesansar.com/company/ehpl,358,2024-04-18,455.00,455.00,436.10,438.80,-2.49,"2,590.00","1,138,976.50"
ehpl,Eastern Hydropower Limited,Hydropower,https://www.sharesansar.com/company/ehpl,359,2024-04-16,449.00,456.00,440.20,450.00,0.22,"8,228.00","3,681,592.60"
ehpl,Eastern Hydropower Limited,Hydropower,https://www.sharesansar.com/company/ehpl,360,2024-04-15,435.00,468.00,434.30,449.00,2.05,"14,083.00","6,304,823.30"
ehpl,Eastern Hydropower Limited,Hydropower,https://www.sharesansar.com/company/ehpl,361,2024-04-14,432.00,445.80,432.00,440.00,0.66,"5,160.00","2,259,361.50"
ehpl,Eastern Hydropower Limited,Hydropower,https://www.sharesansar.com/company/ehpl,362,2024-04-10,454.40,454.40,436.60,437.10,-2.00,"12,730.00","5,625,873.00"
ehpl,Eastern Hydropower Limited,Hydropower,https://www.sharesansar.com/company/ehpl,363,2024-04-09,442.80,458.00,435.00,446.00,0.72,"5,877.00","2,629,618.70"
ehpl,Eastern Hydropower Limited,Hydropower,https://www.sharesansar.com/company/ehpl,364,2024-04-07,430.70,443.00,425.70,442.80,1.56,"6,190.00","2,675,243.00"
ehpl,Eastern Hydropower Limited,Hydropower,https://www.sharesansar.com/company/ehpl,365,2024-04-04,423.90,445.00,423.90,436.00,0.81,"3,719.00","1,609,148.30"
ehpl,Eastern Hydropower Limited,Hydropower,https://www.sharesansar.com/company/ehpl,366,2024-04-03,433.00,459.00,431.00,432.50,-0.35,"7,870.00","3,417,171.80"
ehpl,Eastern Hydropower Limited,Hydropower,https://www.sharesansar.com/company/ehpl,367,2024-04-02,447.00,447.00,434.00,434.00,-1.25,"4,384.00","1,909,262.00"
ehpl,Eastern Hydropower Limited,Hydropower,https://www.sharesansar.com/company/ehpl,368,2024-04-01,462.00,462.00,435.00,439.50,-2.98,"5,840.00","2,582,818.00"
ehpl,Eastern Hydropower Limited,Hydropower,https://www.sharesansar.com/company/ehpl,369,2024-03-31,462.50,471.00,446.00,453.00,-3.49,"20,569.00","9,358,904.40"
ehpl,Eastern Hydropower Limited,Hydropower,https://www.sharesansar.com/company/ehpl,370,2024-03-28,474.00,480.00,460.70,469.40,-0.97,"8,694.00","4,085,926.90"
ehpl,Eastern Hydropower Limited,Hydropower,https://www.sharesansar.com/company/ehpl,371,2024-03-27,450.00,478.40,435.00,474.00,7.24,"56,009.00","26,061,110.80"
ehpl,Eastern Hydropower Limited,Hydropower,https://www.sharesansar.com/company/ehpl,372,2024-03-26,440.00,445.00,425.40,442.00,1.84,"3,392.00","1,495,661.20"
ehpl,Eastern Hydropower Limited,Hydropower,https://www.sharesansar.com/company/ehpl,373,2024-03-25,448.40,448.40,425.00,434.00,-1.34,"1,362.00","585,537.60"
ehpl,Eastern Hydropower Limited,Hydropower,https://www.sharesansar.com/company/ehpl,374,2024-03-21,450.00,454.50,431.30,439.90,-1.37,"6,576.00","2,865,241.30"
ehpl,Eastern Hydropower Limited,Hydropower,https://www.sharesansar.com/company/ehpl,375,2024-03-20,448.00,454.00,435.50,446.00,-0.22,"3,931.00","1,725,522.00"
ehpl,Eastern Hydropower Limited,Hydropower,https://www.sharesansar.com/company/ehpl,376,2024-03-19,454.00,454.00,438.00,447.00,0.22,"2,060.00","913,853.00"
ehpl,Eastern Hydropower Limited,Hydropower,https://www.sharesansar.com/company/ehpl,377,2024-03-18,436.00,448.00,436.00,446.00,1.36,"2,320.00","1,022,067.00"
ehpl,Eastern Hydropower Limited,Hydropower,https://www.sharesansar.com/company/ehpl,378,2024-03-17,434.20,444.50,434.20,440.00,-0.45,"5,542.00","2,420,987.30"
ehpl,Eastern Hydropower Limited,Hydropower,https://www.sharesansar.com/company/ehpl,379,2024-03-14,453.90,472.00,439.00,442.00,-0.67,"4,697.00","2,085,132.50"
ehpl,Eastern Hydropower Limited,Hydropower,https://www.sharesansar.com/company/ehpl,380,2024-03-13,458.00,460.00,439.00,445.00,-2.63,"3,510.00","1,564,141.60"
ehpl,Eastern Hydropower Limited,Hydropower,https://www.sharesansar.com/company/ehpl,381,2024-03-12,460.00,460.00,440.30,457.00,0.77,"14,170.00","6,294,390.90"
ehpl,Eastern Hydropower Limited,Hydropower,https://www.sharesansar.com/company/ehpl,382,2024-03-10,465.00,465.00,437.70,453.50,-0.53,"9,400.00","4,175,680.00"
ehpl,Eastern Hydropower Limited,Hydropower,https://www.sharesansar.com/company/ehpl,383,2024-03-07,456.00,465.00,436.00,455.90,1.76,"4,620.00","2,090,635.00"
ehpl,Eastern Hydropower Limited,Hydropower,https://www.sharesansar.com/company/ehpl,384,2024-03-06,432.00,460.00,427.00,448.00,1.82,"3,500.00","1,532,638.20"
ehpl,Eastern Hydropower Limited,Hydropower,https://www.sharesansar.com/company/ehpl,385,2024-03-05,463.00,463.00,428.00,440.00,-3.08,"3,228.00","1,411,306.40"
ehpl,Eastern Hydropower Limited,Hydropower,https://www.sharesansar.com/company/ehpl,386,2024-03-04,436.00,454.00,436.00,454.00,5.61,60.00,"26,480.00"
ehpl,Eastern Hydropower Limited,Hydropower,https://www.sharesansar.com/company/ehpl,387,2024-03-03,422.40,439.40,415.70,429.90,-0.26,"1,733.00","736,317.60"
ehpl,Eastern Hydropower Limited,Hydropower,https://www.sharesansar.com/company/ehpl,388,2024-02-29,454.00,454.00,426.10,431.00,-3.77,"11,405.00","4,951,892.00"
ehpl,Eastern Hydropower Limited,Hydropower,https://www.sharesansar.com/company/ehpl,389,2024-02-28,453.70,453.70,436.20,447.90,0.67,"2,542.00","1,125,151.00"
ehpl,Eastern Hydropower Limited,Hydropower,https://www.sharesansar.com/company/ehpl,390,2024-02-27,431.00,452.00,431.00,444.90,1.34,"5,645.00","2,467,884.80"
ehpl,Eastern Hydropower Limited,Hydropower,https://www.sharesansar.com/company/ehpl,391,2024-02-26,442.70,451.50,427.60,439.00,1.13,"7,306.00","3,166,744.00"
ehpl,Eastern Hydropower Limited,Hydropower,https://www.sharesansar.com/company/ehpl,392,2024-02-25,434.00,440.00,433.20,434.10,-1.68,"7,821.00","3,419,526.30"
ehpl,Eastern Hydropower Limited,Hydropower,https://www.sharesansar.com/company/ehpl,393,2024-02-22,440.00,449.90,426.50,441.50,-1.63,"10,055.00","4,400,226.50"
ehpl,Eastern Hydropower Limited,Hydropower,https://www.sharesansar.com/company/ehpl,394,2024-02-21,461.00,461.00,443.00,448.80,-1.10,"4,700.00","2,105,670.00"
ehpl,Eastern Hydropower Limited,Hydropower,https://www.sharesansar.com/company/ehpl,395,2024-02-20,437.10,457.00,437.10,453.80,1.75,"5,875.00","2,635,629.50"
ehpl,Eastern Hydropower Limited,Hydropower,https://www.sharesansar.com/company/ehpl,396,2024-02-18,453.10,453.10,440.00,446.00,-3.04,"14,419.00","6,446,987.10"
ehpl,Eastern Hydropower Limited,Hydropower,https://www.sharesansar.com/company/ehpl,397,2024-02-15,459.00,467.00,451.70,460.00,0.22,"5,888.00","2,686,135.00"
ehpl,Eastern Hydropower Limited,Hydropower,https://www.sharesansar.com/company/ehpl,398,2024-02-14,455.10,469.20,451.10,459.00,-0.22,"12,975.00","5,950,260.70"
ehpl,Eastern Hydropower Limited,Hydropower,https://www.sharesansar.com/company/ehpl,399,2024-02-13,460.60,482.40,453.20,460.00,-2.13,"26,241.00","12,182,633.00"
ehpl,Eastern Hydropower Limited,Hydropower,https://www.sharesansar.com/company/ehpl,400,2024-02-12,475.00,477.00,454.00,470.00,0.21,"10,320.00","4,776,223.50"
ehpl,Eastern Hydropower Limited,Hydropower,https://www.sharesansar.com/company/ehpl,401,2024-02-11,489.60,489.60,460.40,469.00,-2.29,"13,866.00","6,509,327.00"
ehpl,Eastern Hydropower Limited,Hydropower,https://www.sharesansar.com/company/ehpl,402,2024-02-08,480.20,500.00,475.00,480.00,1.95,"45,682.00","22,189,166.90"
ehpl,Eastern Hydropower Limited,Hydropower,https://www.sharesansar.com/company/ehpl,403,2024-02-07,436.40,470.80,419.00,470.80,10.00,"56,759.00","26,242,112.80"
ehpl,Eastern Hydropower Limited,Hydropower,https://www.sharesansar.com/company/ehpl,404,2024-02-06,416.00,429.00,416.00,428.00,1.42,"1,535.00","648,367.50"
ehpl,Eastern Hydropower Limited,Hydropower,https://www.sharesansar.com/company/ehpl,405,2024-02-05,428.20,436.00,416.00,422.00,0.50,"2,195.00","926,321.00"
ehpl,Eastern Hydropower Limited,Hydropower,https://www.sharesansar.com/company/ehpl,406,2024-02-04,407.00,432.70,407.00,419.90,1.16,"6,209.00","2,604,731.90"
ehpl,Eastern Hydropower Limited,Hydropower,https://www.sharesansar.com/company/ehpl,407,2024-02-01,438.00,438.00,415.10,415.10,-3.47,"7,371.00","3,093,660.00"
ehpl,Eastern Hydropower Limited,Hydropower,https://www.sharesansar.com/company/ehpl,408,2024-01-31,440.20,455.00,428.00,430.00,-4.23,"15,281.00","6,658,604.60"
ehpl,Eastern Hydropower Limited,Hydropower,https://www.sharesansar.com/company/ehpl,409,2024-01-30,435.00,452.00,427.10,449.00,3.22,"5,867.00","2,611,701.50"
ehpl,Eastern Hydropower Limited,Hydropower,https://www.sharesansar.com/company/ehpl,410,2024-01-29,411.60,436.00,411.60,435.00,3.57,"7,795.00","3,347,219.00"
ehpl,Eastern Hydropower Limited,Hydropower,https://www.sharesansar.com/company/ehpl,411,2024-01-28,408.00,424.00,408.00,420.00,1.20,"9,098.00","3,786,271.50"
ehpl,Eastern Hydropower Limited,Hydropower,https://www.sharesansar.com/company/ehpl,412,2024-01-25,404.10,418.00,404.10,415.00,0.73,"7,364.00","3,047,480.10"
ehpl,Eastern Hydropower Limited,Hydropower,https://www.sharesansar.com/company/ehpl,413,2024-01-24,415.00,420.20,408.00,412.00,-0.72,"8,074.00","3,343,959.80"
ehpl,Eastern Hydropower Limited,Hydropower,https://www.sharesansar.com/company/ehpl,414,2024-01-23,406.10,419.00,392.00,415.00,0.17,"12,373.00","4,939,450.00"
ehpl,Eastern Hydropower Limited,Hydropower,https://www.sharesansar.com/company/ehpl,415,2024-01-22,443.50,443.50,405.00,414.30,-4.74,"13,585.00","5,606,340.80"
ehpl,Eastern Hydropower Limited,Hydropower,https://www.sharesansar.com/company/ehpl,416,2024-01-21,431.00,438.00,421.00,434.90,-0.98,"4,405.00","1,907,361.50"
ehpl,Eastern Hydropower Limited,Hydropower,https://www.sharesansar.com/company/ehpl,417,2024-01-18,423.00,439.20,410.10,439.20,2.31,"10,641.00","4,497,810.20"
ehpl,Eastern Hydropower Limited,Hydropower,https://www.sharesansar.com/company/ehpl,418,2024-01-17,486.50,486.50,429.30,429.30,-10.00,"15,315.00","6,877,396.10"
ehpl,Eastern Hydropower Limited,Hydropower,https://www.sharesansar.com/company/ehpl,419,2024-01-16,453.80,479.90,442.00,477.00,3.02,"28,991.00","13,145,859.60"
ehpl,Eastern Hydropower Limited,Hydropower,https://www.sharesansar.com/company/ehpl,420,2024-01-14,459.90,471.20,443.50,463.00,-1.32,"17,472.00","8,083,848.90"
ehpl,Eastern Hydropower Limited,Hydropower,https://www.sharesansar.com/company/ehpl,421,2024-01-11,488.50,488.50,442.40,469.20,-2.05,"19,164.00","8,935,807.60"
ehpl,Eastern Hydropower Limited,Hydropower,https://www.sharesansar.com/company/ehpl,422,2024-01-10,471.10,480.50,432.50,479.00,3.70,"22,681.00","10,270,240.10"
ehpl,Eastern Hydropower Limited,Hydropower,https://www.sharesansar.com/company/ehpl,423,2024-01-09,422.00,461.90,408.00,461.90,8.17,"25,258.00","10,880,788.60"
ehpl,Eastern Hydropower Limited,Hydropower,https://www.sharesansar.com/company/ehpl,424,2024-01-08,389.00,427.90,389.00,427.00,7.58,"8,303.00","3,399,960.90"
ehpl,Eastern Hydropower Limited,Hydropower,https://www.sharesansar.com/company/ehpl,425,2024-01-07,400.00,421.90,374.00,396.90,-0.28,"13,525.00","5,389,925.00"
ehpl,Eastern Hydropower Limited,Hydropower,https://www.sharesansar.com/company/ehpl,426,2024-01-04,403.90,411.90,390.10,398.00,-1.46,"18,570.00","7,394,165.60"
ehpl,Eastern Hydropower Limited,Hydropower,https://www.sharesansar.com/company/ehpl,427,2024-01-03,408.00,408.00,386.00,403.90,0.97,"2,843.00","1,130,053.00"
ehpl,Eastern Hydropower Limited,Hydropower,https://www.sharesansar.com/company/ehpl,428,2024-01-02,389.00,410.00,388.00,400.00,1.27,"9,216.00","3,661,529.70"
ehpl,Eastern Hydropower Limited,Hydropower,https://www.sharesansar.com/company/ehpl,429,2024-01-01,409.00,416.00,395.00,395.00,-2.73,"10,100.00","4,091,440.70"
ehpl,Eastern Hydropower Limited,Hydropower,https://www.sharesansar.com/company/ehpl,430,2023-12-28,385.00,413.00,382.50,406.10,4.13,"17,464.00","6,974,489.20"
ehpl,Eastern Hydropower Limited,Hydropower,https://www.sharesansar.com/company/ehpl,431,2023-12-27,372.70,400.00,360.20,390.00,6.73,"17,140.00","6,687,870.00"
ehpl,Eastern Hydropower Limited,Hydropower,https://www.sharesansar.com/company/ehpl,432,2023-12-24,375.20,389.90,361.10,365.40,-0.68,"16,204.00","6,146,487.00"
ehpl,Eastern Hydropower Limited,Hydropower,https://www.sharesansar.com/company/ehpl,433,2023-12-21,375.00,381.00,358.00,367.90,-1.84,"14,228.00","5,180,220.20"
ehpl,Eastern Hydropower Limited,Hydropower,https://www.sharesansar.com/company/ehpl,434,2023-12-20,371.20,378.50,359.40,374.80,2.97,"12,714.00","4,690,447.80"
ehpl,Eastern Hydropower Limited,Hydropower,https://www.sharesansar.com/company/ehpl,435,2023-12-19,374.00,374.00,353.00,364.00,-0.82,"6,085.00","2,198,945.90"
ehpl,Eastern Hydropower Limited,Hydropower,https://www.sharesansar.com/company/ehpl,436,2023-12-18,380.00,387.60,355.80,367.00,-1.61,"11,668.00","4,257,275.20"
ehpl,Eastern Hydropower Limited,Hydropower,https://www.sharesansar.com/company/ehpl,437,2023-12-17,343.10,373.00,343.10,373.00,7.18,"9,324.00","3,384,665.60"
ehpl,Eastern Hydropower Limited,Hydropower,https://www.sharesansar.com/company/ehpl,438,2023-12-14,338.20,349.00,338.10,348.00,0.90,"4,716.00","1,614,376.70"
ehpl,Eastern Hydropower Limited,Hydropower,https://www.sharesansar.com/company/ehpl,439,2023-12-13,342.00,360.90,340.10,344.90,-0.61,"3,054.00","1,052,858.50"
ehpl,Eastern Hydropower Limited,Hydropower,https://www.sharesansar.com/company/ehpl,440,2023-12-12,340.00,355.00,332.00,347.00,2.33,"11,548.00","3,988,036.60"
ehpl,Eastern Hydropower Limited,Hydropower,https://www.sharesansar.com/company/ehpl,441,2023-12-11,341.00,341.50,321.10,339.10,1.22,"12,229.00","4,020,759.60"
ehpl,Eastern Hydropower Limited,Hydropower,https://www.sharesansar.com/company/ehpl,442,2023-12-10,324.30,342.00,324.30,335.00,5.35,435.00,"146,677.50"
ehpl,Eastern Hydropower Limited,Hydropower,https://www.sharesansar.com/company/ehpl,443,2023-12-07,310.10,321.00,305.00,318.00,0.51,"1,892.00","595,956.00"
ehpl,Eastern Hydropower Limited,Hydropower,https://www.sharesansar.com/company/ehpl,444,2023-12-06,313.00,316.40,304.60,316.40,0.76,"2,928.00","904,480.00"
ehpl,Eastern Hydropower Limited,Hydropower,https://www.sharesansar.com/company/ehpl,445,2023-12-05,320.00,320.00,298.00,314.00,0.00,"6,325.00","1,924,180.40"
ehpl,Eastern Hydropower Limited,Hydropower,https://www.sharesansar.com/company/ehpl,446,2023-12-04,305.70,324.30,305.70,314.00,0.67,"1,660.00","520,887.00"
ehpl,Eastern Hydropower Limited,Hydropower,https://www.sharesansar.com/company/ehpl,447,2023-12-03,311.90,317.50,311.90,311.90,-1.98,830.00,"260,470.00"
ehpl,Eastern Hydropower Limited,Hydropower,https://www.sharesansar.com/company/ehpl,448,2023-11-30,337.50,337.50,312.00,318.20,-3.84,"1,965.00","628,786.50"
ehpl,Eastern Hydropower Limited,Hydropower,https://www.sharesansar.com/company/ehpl,449,2023-11-29,322.80,342.00,320.10,330.90,0.58,"2,735.00","885,630.30"
ehpl,Eastern Hydropower Limited,Hydropower,https://www.sharesansar.com/company/ehpl,450,2023-11-28,325.40,340.00,316.00,329.00,-0.90,"7,996.00","2,656,452.00"
ehpl,Eastern Hydropower Limited,Hydropower,https://www.sharesansar.com/company/ehpl,451,2023-11-27,325.40,337.90,315.00,332.00,0.00,"3,994.00","1,295,018.10"
ehpl,Eastern Hydropower Limited,Hydropower,https://www.sharesansar.com/company/ehpl,452,2023-11-26,306.80,332.00,306.00,332.00,6.07,"5,505.00","1,759,043.90"
ehpl,Eastern Hydropower Limited,Hydropower,https://www.sharesansar.com/company/ehpl,453,2023-11-23,307.00,313.00,296.00,313.00,1.66,"5,330.00","1,624,153.00"
ehpl,Eastern Hydropower Limited,Hydropower,https://www.sharesansar.com/company/ehpl,454,2023-11-22,293.10,310.90,288.00,307.90,2.98,"1,774.00","522,524.20"
ehpl,Eastern Hydropower Limited,Hydropower,https://www.sharesansar.com/company/ehpl,455,2023-11-21,298.00,299.00,288.00,299.00,-1.64,"1,948.00","567,349.60"
ehpl,Eastern Hydropower Limited,Hydropower,https://www.sharesansar.com/company/ehpl,456,2023-11-20,310.50,310.50,290.10,304.00,-0.16,"1,570.00","473,100.00"
ehpl,Eastern Hydropower Limited,Hydropower,https://www.sharesansar.com/company/ehpl,457,2023-11-09,316.20,316.20,292.80,304.50,-1.77,"2,810.00","829,770.30"
ehpl,Eastern Hydropower Limited,Hydropower,https://www.sharesansar.com/company/ehpl,458,2023-11-08,309.00,319.00,295.10,310.00,-1.59,"1,290.00","384,990.60"
ehpl,Eastern Hydropower Limited,Hydropower,https://www.sharesansar.com/company/ehpl,459,2023-11-07,303.80,315.90,297.80,315.00,1.65,"1,450.00","440,212.00"
ehpl,Eastern Hydropower Limited,Hydropower,https://www.sharesansar.com/company/ehpl,460,2023-11-06,297.00,309.90,279.60,309.90,2.28,"8,010.00","2,404,128.80"
ehpl,Eastern Hydropower Limited,Hydropower,https://www.sharesansar.com/company/ehpl,461,2023-11-05,312.60,324.90,297.10,303.00,-4.99,"3,955.00","1,194,594.50"
ehpl,Eastern Hydropower Limited,Hydropower,https://www.sharesansar.com/company/ehpl,462,2023-11-02,318.00,318.90,301.50,318.90,0.09,"3,020.00","928,911.00"
ehpl,Eastern Hydropower Limited,Hydropower,https://www.sharesansar.com/company/ehpl,463,2023-11-01,328.80,333.90,304.10,318.60,-1.18,"5,300.00","1,651,239.00"
ehpl,Eastern Hydropower Limited,Hydropower,https://www.sharesansar.com/company/ehpl,464,2023-10-31,333.00,333.00,314.00,322.40,-1.41,"2,311.00","732,602.40"
ehpl,Eastern Hydropower Limited,Hydropower,https://www.sharesansar.com/company/ehpl,465,2023-10-30,331.00,331.00,313.20,327.00,0.25,330.00,"106,065.00"
ehpl,Eastern Hydropower Limited,Hydropower,https://www.sharesansar.com/company/ehpl,466,2023-10-29,324.90,326.20,310.00,326.20,-1.60,"1,560.00","489,379.00"
ehpl,Eastern Hydropower Limited,Hydropower,https://www.sharesansar.com/company/ehpl,467,2023-10-19,320.00,337.00,317.50,331.50,1.53,"1,439.00","471,614.20"
ehpl,Eastern Hydropower Limited,Hydropower,https://www.sharesansar.com/company/ehpl,468,2023-10-18,334.00,346.00,318.00,326.50,-0.46,"4,257.00","1,383,449.40"
ehpl,Eastern Hydropower Limited,Hydropower,https://www.sharesansar.com/company/ehpl,469,2023-10-17,336.60,343.00,320.00,328.00,-0.61,"3,675.00","1,222,607.50"
ehpl,Eastern Hydropower Limited,Hydropower,https://www.sharesansar.com/company/ehpl,470,2023-10-16,338.00,338.00,324.00,330.00,-4.29,"5,710.00","1,886,198.00"
ehpl,Eastern Hydropower Limited,Hydropower,https://www.sharesansar.com/company/ehpl,471,2023-10-12,338.20,351.90,326.10,344.80,-0.06,"9,550.00","3,181,850.90"
ehpl,Eastern Hydropower Limited,Hydropower,https://www.sharesansar.com/company/ehpl,472,2023-10-11,358.00,365.00,343.00,345.00,-1.74,"1,660.00","579,728.00"
ehpl,Eastern Hydropower Limited,Hydropower,https://www.sharesansar.com/company/ehpl,473,2023-10-10,366.00,366.00,346.10,351.10,-5.06,"3,904.00","1,380,850.40"
ehpl,Eastern Hydropower Limited,Hydropower,https://www.sharesansar.com/company/ehpl,474,2023-10-09,371.00,373.00,357.90,369.80,1.34,"9,830.00","3,599,466.00"
ehpl,Eastern Hydropower Limited,Hydropower,https://www.sharesansar.com/company/ehpl,475,2023-10-08,379.00,379.00,355.10,364.90,-3.69,"5,641.00","2,030,507.50"
ehpl,Eastern Hydropower Limited,Hydropower,https://www.sharesansar.com/company/ehpl,476,2023-10-05,357.00,382.00,350.00,378.90,8.26,"27,654.00","10,299,267.50"
ehpl,Eastern Hydropower Limited,Hydropower,https://www.sharesansar.com/company/ehpl,477,2023-10-04,352.80,359.50,338.20,350.00,1.19,"4,720.00","1,637,051.00"
ehpl,Eastern Hydropower Limited,Hydropower,https://www.sharesansar.com/company/ehpl,478,2023-10-03,341.10,364.90,335.10,345.90,-0.60,"8,921.00","3,116,412.00"
ehpl,Eastern Hydropower Limited,Hydropower,https://www.sharesansar.com/company/ehpl,479,2023-10-02,321.80,360.90,317.00,348.00,6.03,"2,992.00","1,017,256.00"
ehpl,Eastern Hydropower Limited,Hydropower,https://www.sharesansar.com/company/ehpl,480,2023-10-01,344.90,351.00,327.20,328.20,-6.73,"10,270.00","3,464,515.00"
ehpl,Eastern Hydropower Limited,Hydropower,https://www.sharesansar.com/company/ehpl,481,2023-09-27,363.60,375.00,340.40,351.90,-5.15,"7,668.00","2,703,349.80"
ehpl,Eastern Hydropower Limited,Hydropower,https://www.sharesansar.com/company/ehpl,482,2023-09-26,370.00,389.00,363.10,371.00,2.26,"8,075.00","3,024,774.50"
ehpl,Eastern Hydropower Limited,Hydropower,https://www.sharesansar.com/company/ehpl,483,2023-09-25,336.40,362.80,327.00,362.80,9.97,"22,864.00","8,164,160.60"
ehpl,Eastern Hydropower Limited,Hydropower,https://www.sharesansar.com/company/ehpl,484,2023-09-24,313.60,333.00,313.60,329.90,3.09,"4,721.00","1,505,717.00"
ehpl,Eastern Hydropower Limited,Hydropower,https://www.sharesansar.com/company/ehpl,485,2023-09-21,310.00,333.00,304.00,320.00,4.95,"14,495.00","4,568,977.50"
ehpl,Eastern Hydropower Limited,Hydropower,https://www.sharesansar.com/company/ehpl,486,2023-09-19,303.90,309.00,285.10,304.90,-1.68,"2,580.00","774,354.00"
ehpl,Eastern Hydropower Limited,Hydropower,https://www.sharesansar.com/company/ehpl,487,2023-09-18,291.10,310.10,274.20,310.10,4.41,995.00,"300,988.00"
ehpl,Eastern Hydropower Limited,Hydropower,https://www.sharesansar.com/company/ehpl,488,2023-09-17,300.00,300.90,294.20,297.00,-2.30,"1,340.00","401,187.00"
ehpl,Eastern Hydropower Limited,Hydropower,https://www.sharesansar.com/company/ehpl,489,2023-09-13,289.00,306.00,283.40,304.00,3.12,"8,811.00","2,597,574.80"
ehpl,Eastern Hydropower Limited,Hydropower,https://www.sharesansar.com/company/ehpl,490,2023-09-12,292.00,295.00,283.00,294.80,0.65,472.00,"136,512.00"
ehpl,Eastern Hydropower Limited,Hydropower,https://www.sharesansar.com/company/ehpl,491,2023-09-11,288.20,292.90,280.50,292.90,-0.37,390.00,"112,443.00"
ehpl,Eastern Hydropower Limited,Hydropower,https://www.sharesansar.com/company/ehpl,492,2023-09-10,283.20,294.00,277.00,294.00,1.77,860.00,"241,290.00"
ehpl,Eastern Hydropower Limited,Hydropower,https://www.sharesansar.com/company/ehpl,493,2023-09-07,289.10,289.10,273.00,288.90,-2.07,"2,200.00","633,850.00"
ehpl,Eastern Hydropower Limited,Hydropower,https://www.sharesansar.com/company/ehpl,494,2023-09-05,296.40,301.90,281.00,295.00,-0.47,"1,540.00","441,919.00"
ehpl,Eastern Hydropower Limited,Hydropower,https://www.sharesansar.com/company/ehpl,495,2023-09-04,296.00,296.40,285.30,296.40,-1.85,"1,120.00","325,788.00"
ehpl,Eastern Hydropower Limited,Hydropower,https://www.sharesansar.com/company/ehpl,496,2023-09-03,303.80,303.80,288.00,302.00,-2.55,"3,494.00","1,049,889.10"
ehpl,Eastern Hydropower Limited,Hydropower,https://www.sharesansar.com/company/ehpl,497,2023-08-30,303.80,309.90,287.30,309.90,-0.03,"2,670.00","784,475.10"
ehpl,Eastern Hydropower Limited,Hydropower,https://www.sharesansar.com/company/ehpl,498,2023-08-29,305.80,310.00,288.00,310.00,-0.64,"1,995.00","590,927.00"
ehpl,Eastern Hydropower Limited,Hydropower,https://www.sharesansar.com/company/ehpl,499,2023-08-28,314.90,314.90,286.50,312.00,0.42,"6,296.00","1,818,030.50"
ehpl,Eastern Hydropower Limited,Hydropower,https://www.sharesansar.com/company/ehpl,500,2023-08-27,298.70,310.70,284.00,310.70,1.97,740.00,"220,032.00"
ehpl,Eastern Hydropower Limited,Hydropower,https://www.sharesansar.com/company/ehpl,501,2023-08-24,317.00,323.30,287.20,304.70,-2.09,"3,820.00","1,132,750.50"
ehpl,Eastern Hydropower Limited,Hydropower,https://www.sharesansar.com/company/ehpl,502,2023-08-23,294.20,318.00,291.00,311.20,3.73,"1,054.00","318,331.80"
ehpl,Eastern Hydropower Limited,Hydropower,https://www.sharesansar.com/company/ehpl,503,2023-08-22,295.90,300.00,285.60,300.00,-0.63,280.00,"81,752.00"
ehpl,Eastern Hydropower Limited,Hydropower,https://www.sharesansar.com/company/ehpl,504,2023-08-21,294.00,301.90,288.00,301.90,0.63,"4,340.00","1,265,414.10"
ehpl,Eastern Hydropower Limited,Hydropower,https://www.sharesansar.com/company/ehpl,505,2023-08-20,301.90,301.90,291.20,300.00,-2.60,"1,325.00","392,908.00"
ehpl,Eastern Hydropower Limited,Hydropower,https://www.sharesansar.com/company/ehpl,506,2023-08-17,305.70,308.00,294.00,308.00,-1.25,735.00,"220,387.00"
ehpl,Eastern Hydropower Limited,Hydropower,https://www.sharesansar.com/company/ehpl,507,2023-08-16,299.80,311.90,295.10,311.90,1.99,"1,179.00","353,079.50"
ehpl,Eastern Hydropower Limited,Hydropower,https://www.sharesansar.com/company/ehpl,508,2023-08-15,304.80,309.50,293.40,305.80,-1.67,"1,060.00","316,291.00"
ehpl,Eastern Hydropower Limited,Hydropower,https://www.sharesansar.com/company/ehpl,509,2023-08-14,310.90,312.00,304.70,311.00,-1.95,670.00,"205,852.00"
ehpl,Eastern Hydropower Limited,Hydropower,https://www.sharesansar.com/company/ehpl,510,2023-08-13,315.60,317.20,305.90,317.20,-1.49,975.00,"304,489.00"
ehpl,Eastern Hydropower Limited,Hydropower,https://www.sharesansar.com/company/ehpl,511,2023-08-10,320.00,322.00,304.00,322.00,-0.25,441.00,"137,631.20"
ehpl,Eastern Hydropower Limited,Hydropower,https://www.sharesansar.com/company/ehpl,512,2023-08-09,304.80,322.80,300.00,322.80,3.79,"1,446.00","439,173.50"
ehpl,Eastern Hydropower Limited,Hydropower,https://www.sharesansar.com/company/ehpl,513,2023-08-08,303.80,315.00,298.00,311.00,0.32,"1,310.00","398,802.00"
ehpl,Eastern Hydropower Limited,Hydropower,https://www.sharesansar.com/company/ehpl,514,2023-08-07,301.90,319.00,301.90,310.00,0.65,"2,080.00","637,379.00"
ehpl,Eastern Hydropower Limited,Hydropower,https://www.sharesansar.com/company/ehpl,515,2023-08-06,303.00,313.10,303.00,308.00,0.33,"1,783.00","548,194.30"
ehpl,Eastern Hydropower Limited,Hydropower,https://www.sharesansar.com/company/ehpl,516,2023-08-03,309.00,315.00,307.00,307.00,-1.57,"6,955.00","2,172,784.00"
ehpl,Eastern Hydropower Limited,Hydropower,https://www.sharesansar.com/company/ehpl,517,2023-08-02,311.80,317.00,311.80,311.90,-1.92,840.00,"263,822.00"
ehpl,Eastern Hydropower Limited,Hydropower,https://www.sharesansar.com/company/ehpl,518,2023-08-01,315.00,318.00,310.30,318.00,-1.03,"1,531.00","479,557.00"
ehpl,Eastern Hydropower Limited,Hydropower,https://www.sharesansar.com/company/ehpl,519,2023-07-31,311.70,332.50,308.00,321.30,1.04,"3,028.00","963,119.00"
ehpl,Eastern Hydropower Limited,Hydropower,https://www.sharesansar.com/company/ehpl,520,2023-07-30,318.60,319.50,313.30,318.00,-2.15,"1,705.00","535,968.50"
ehpl,Eastern Hydropower Limited,Hydropower,https://www.sharesansar.com/company/ehpl,521,2023-07-27,325.40,331.90,316.60,325.00,-2.11,"2,003.00","638,649.50"
ehpl,Eastern Hydropower Limited,Hydropower,https://www.sharesansar.com/company/ehpl,522,2023-07-26,333.20,334.00,327.20,332.00,-2.35,"4,081.00","1,346,092.00"
ehpl,Eastern Hydropower Limited,Hydropower,https://www.sharesansar.com/company/ehpl,523,2023-07-25,337.20,350.00,330.10,340.00,-1.16,470.00,"158,295.00"
ehpl,Eastern Hydropower Limited,Hydropower,https://www.sharesansar.com/company/ehpl,524,2023-07-24,334.00,344.00,326.00,344.00,1.78,"1,889.00","629,100.00"
ehpl,Eastern Hydropower Limited,Hydropower,https://www.sharesansar.com/company/ehpl,525,2023-07-23,321.50,346.80,321.50,338.00,3.05,"3,403.00","1,123,726.80"
ehpl,Eastern Hydropower Limited,Hydropower,https://www.sharesansar.com/company/ehpl,526,2023-07-20,323.00,332.50,320.00,328.00,-0.30,"1,440.00","471,489.00"
ehpl,Eastern Hydropower Limited,Hydropower,https://www.sharesansar.com/company/ehpl,527,2023-07-19,328.00,330.00,320.00,329.00,-1.47,"1,711.00","558,701.10"
ehpl,Eastern Hydropower Limited,Hydropower,https://www.sharesansar.com/company/ehpl,528,2023-07-18,310.40,334.50,310.40,333.90,5.43,"2,765.00","903,982.50"
ehpl,Eastern Hydropower Limited,Hydropower,https://www.sharesansar.com/company/ehpl,529,2023-07-17,304.80,330.00,304.80,316.70,1.83,"4,692.00","1,511,434.90"
ehpl,Eastern Hydropower Limited,Hydropower,https://www.sharesansar.com/company/ehpl,530,2023-07-16,310.00,324.20,306.10,311.00,-0.64,"1,851.00","572,758.10"
ehpl,Eastern Hydropower Limited,Hydropower,https://www.sharesansar.com/company/ehpl,531,2023-07-13,316.60,329.30,311.10,313.00,-3.10,"3,295.00","1,045,584.50"
ehpl,Eastern Hydropower Limited,Hydropower,https://www.sharesansar.com/company/ehpl,532,2023-07-12,308.00,325.90,308.00,323.00,4.19,"3,223.00","1,032,522.00"
ehpl,Eastern Hydropower Limited,Hydropower,https://www.sharesansar.com/company/ehpl,533,2023-07-11,324.00,324.00,308.70,310.00,-4.62,"5,730.00","1,784,657.40"
ehpl,Eastern Hydropower Limited,Hydropower,https://www.sharesansar.com/company/ehpl,534,2023-07-10,313.60,332.60,313.50,325.00,1.56,920.00,"294,367.00"
ehpl,Eastern Hydropower Limited,Hydropower,https://www.sharesansar.com/company/ehpl,535,2023-07-09,319.00,330.40,313.00,320.00,0.60,"2,030.00","647,222.00"
ehpl,Eastern Hydropower Limited,Hydropower,https://www.sharesansar.com/company/ehpl,536,2023-07-06,329.00,331.60,314.00,318.10,-2.15,"2,884.00","923,647.20"
ehpl,Eastern Hydropower Limited,Hydropower,https://www.sharesansar.com/company/ehpl,537,2023-07-05,334.20,346.40,321.30,325.10,-4.66,"4,163.00","1,354,482.70"
ehpl,Eastern Hydropower Limited,Hydropower,https://www.sharesansar.com/company/ehpl,538,2023-07-04,331.30,341.00,325.30,341.00,0.89,"1,075.00","353,664.00"
ehpl,Eastern Hydropower Limited,Hydropower,https://www.sharesansar.com/company/ehpl,539,2023-07-03,329.90,338.00,325.10,338.00,0.42,"1,350.00","443,907.80"
ehpl,Eastern Hydropower Limited,Hydropower,https://www.sharesansar.com/company/ehpl,540,2023-07-02,328.30,347.50,325.30,336.60,0.48,"3,940.00","1,304,517.00"
ehpl,Eastern Hydropower Limited,Hydropower,https://www.sharesansar.com/company/ehpl,541,2023-06-28,343.10,349.70,335.00,335.00,-4.26,"3,776.00","1,286,559.30"
ehpl,Eastern Hydropower Limited,Hydropower,https://www.sharesansar.com/company/ehpl,542,2023-06-27,355.00,362.00,333.50,349.90,-1.66,"11,149.00","3,831,167.10"
ehpl,Eastern Hydropower Limited,Hydropower,https://www.sharesansar.com/company/ehpl,543,2023-06-26,357.00,371.30,337.10,355.80,1.66,"3,285.00","1,141,534.90"
ehpl,Eastern Hydropower Limited,Hydropower,https://www.sharesansar.com/company/ehpl,544,2023-06-25,352.00,356.00,335.10,350.00,-0.54,"3,309.00","1,139,249.00"
ehpl,Eastern Hydropower Limited,Hydropower,https://www.sharesansar.com/company/ehpl,545,2023-06-22,369.20,370.00,329.60,351.90,-2.79,"4,377.00","1,535,112.50"
ehpl,Eastern Hydropower Limited,Hydropower,https://www.sharesansar.com/company/ehpl,546,2023-06-21,362.60,375.00,350.00,362.00,-2.14,"4,507.00","1,613,828.60"
ehpl,Eastern Hydropower Limited,Hydropower,https://www.sharesansar.com/company/ehpl,547,2023-06-20,371.50,375.00,364.10,369.90,-2.40,"1,156.00","425,002.00"
ehpl,Eastern Hydropower Limited,Hydropower,https://www.sharesansar.com/company/ehpl,548,2023-06-19,378.00,391.00,371.50,379.00,-1.56,"6,184.00","2,333,953.50"
ehpl,Eastern Hydropower Limited,Hydropower,https://www.sharesansar.com/company/ehpl,549,2023-06-18,375.00,385.00,368.80,385.00,2.34,"2,965.00","1,122,562.20"
ehpl,Eastern Hydropower Limited,Hydropower,https://www.sharesansar.com/company/ehpl,550,2023-06-15,364.70,376.20,351.80,376.20,1.10,"6,450.00","2,351,134.00"
ehpl,Eastern Hydropower Limited,Hydropower,https://www.sharesansar.com/company/ehpl,551,2023-06-14,369.50,385.00,356.00,372.10,-1.30,"6,162.00","2,295,705.80"
ehpl,Eastern Hydropower Limited,Hydropower,https://www.sharesansar.com/company/ehpl,552,2023-06-13,352.80,377.00,352.00,377.00,4.72,"3,951.00","1,455,047.10"
ehpl,Eastern Hydropower Limited,Hydropower,https://www.sharesansar.com/company/ehpl,553,2023-06-12,373.30,373.30,352.00,360.00,-1.64,"1,925.00","686,572.50"
ehpl,Eastern Hydropower Limited,Hydropower,https://www.sharesansar.com/company/ehpl,554,2023-06-11,360.50,381.00,346.70,366.00,1.53,"3,681.00","1,319,737.00"
ehpl,Eastern Hydropower Limited,Hydropower,https://www.sharesansar.com/company/ehpl,555,2023-06-08,361.90,369.10,340.70,360.50,1.58,844.00,"299,398.00"
ehpl,Eastern Hydropower Limited,Hydropower,https://www.sharesansar.com/company/ehpl,556,2023-06-07,363.00,370.00,343.10,354.90,-0.28,"4,387.00","1,567,726.80"
ehpl,Eastern Hydropower Limited,Hydropower,https://www.sharesansar.com/company/ehpl,557,2023-06-06,343.00,357.00,339.00,355.90,1.69,"3,630.00","1,258,663.00"
ehpl,Eastern Hydropower Limited,Hydropower,https://www.sharesansar.com/company/ehpl,558,2023-06-05,347.90,357.00,337.00,350.00,-1.41,"1,984.00","688,695.90"
ehpl,Eastern Hydropower Limited,Hydropower,https://www.sharesansar.com/company/ehpl,559,2023-06-04,344.00,361.00,340.00,355.00,3.17,"3,082.00","1,085,133.00"
ehpl,Eastern Hydropower Limited,Hydropower,https://www.sharesansar.com/company/ehpl,560,2023-06-01,337.20,348.30,330.50,344.10,0.03,500.00,"168,757.00"
ehpl,Eastern Hydropower Limited,Hydropower,https://www.sharesansar.com/company/ehpl,561,2023-05-31,350.00,353.80,316.60,344.00,-1.43,"6,716.00","2,193,173.50"
ehpl,Eastern Hydropower Limited,Hydropower,https://www.sharesansar.com/company/ehpl,562,2023-05-30,348.20,349.00,316.40,349.00,0.23,"2,280.00","775,466.00"
ehpl,Eastern Hydropower Limited,Hydropower,https://www.sharesansar.com/company/ehpl,563,2023-05-28,366.90,366.90,346.00,348.20,-3.28,"4,619.00","1,637,926.10"
ehpl,Eastern Hydropower Limited,Hydropower,https://www.sharesansar.com/company/ehpl,564,2023-05-24,354.30,363.00,347.30,360.00,-0.41,"3,321.00","1,172,771.80"
ehpl,Eastern Hydropower Limited,Hydropower,https://www.sharesansar.com/company/ehpl,565,2023-05-23,344.00,362.10,344.00,361.50,2.99,"5,850.00","2,052,867.20"
ehpl,Eastern Hydropower Limited,Hydropower,https://www.sharesansar.com/company/ehpl,566,2023-05-22,347.00,351.00,333.30,351.00,-0.85,"1,334.00","461,206.00"
ehpl,Eastern Hydropower Limited,Hydropower,https://www.sharesansar.com/company/ehpl,567,2023-05-21,354.90,354.90,331.00,354.00,0.20,"4,871.00","1,663,452.80"
ehpl,Eastern Hydropower Limited,Hydropower,https://www.sharesansar.com/company/ehpl,568,2023-05-18,340.10,353.30,333.00,353.30,1.82,"2,716.00","929,874.00"
ehpl,Eastern Hydropower Limited,Hydropower,https://www.sharesansar.com/company/ehpl,569,2023-05-17,312.10,347.00,312.10,347.00,9.78,"1,190.00","392,579.00"
ehpl,Eastern Hydropower Limited,Hydropower,https://www.sharesansar.com/company/ehpl,570,2023-05-16,330.00,344.00,312.70,316.10,-4.59,"2,430.00","780,412.00"
ehpl,Eastern Hydropower Limited,Hydropower,https://www.sharesansar.com/company/ehpl,571,2023-05-15,341.00,341.00,320.00,331.30,-4.77,"2,645.00","866,569.00"
ehpl,Eastern Hydropower Limited,Hydropower,https://www.sharesansar.com/company/ehpl,572,2023-05-14,352.80,352.80,324.30,347.90,-3.36,"5,590.00","1,848,283.00"
ehpl,Eastern Hydropower Limited,Hydropower,https://www.sharesansar.com/company/ehpl,573,2023-05-11,335.00,367.10,333.00,360.00,5.66,"1,260.00","431,642.00"
ehpl,Eastern Hydropower Limited,Hydropower,https://www.sharesansar.com/company/ehpl,574,2023-05-10,347.90,354.30,340.00,340.70,-4.00,640.00,"221,764.00"
ehpl,Eastern Hydropower Limited,Hydropower,https://www.sharesansar.com/company/ehpl,575,2023-05-09,355.10,359.90,341.80,354.90,1.78,"3,100.00","1,102,815.00"
ehpl,Eastern Hydropower Limited,Hydropower,https://www.sharesansar.com/company/ehpl,576,2023-05-08,379.70,379.70,348.70,348.70,-9.99,"12,185.00","4,253,352.50"
ehpl,Eastern Hydropower Limited,Hydropower,https://www.sharesansar.com/company/ehpl,577,2023-05-07,352.80,387.40,340.10,387.40,7.61,"2,970.00","1,053,623.00"
ehpl,Eastern Hydropower Limited,Hydropower,https://www.sharesansar.com/company/ehpl,578,2023-05-04,367.50,377.90,355.00,360.00,-4.00,"2,491.00","934,173.20"
ehpl,Eastern Hydropower Limited,Hydropower,https://www.sharesansar.com/company/ehpl,579,2023-05-03,367.50,375.00,350.10,375.00,0.00,"3,140.00","1,121,581.00"
ehpl,Eastern Hydropower Limited,Hydropower,https://www.sharesansar.com/company/ehpl,580,2023-05-02,373.00,380.40,359.30,375.00,-1.32,"3,140.00","1,136,731.00"
ehpl,Eastern Hydropower Limited,Hydropower,https://www.sharesansar.com/company/ehpl,581,2023-04-30,382.20,382.20,373.00,380.00,-2.56,990.00,"373,442.00"
ehpl,Eastern Hydropower Limited,Hydropower,https://www.sharesansar.com/company/ehpl,582,2023-04-27,386.90,392.90,373.10,390.00,-1.19,"3,430.00","1,306,005.00"
ehpl,Eastern Hydropower Limited,Hydropower,https://www.sharesansar.com/company/ehpl,583,2023-04-26,383.10,394.70,383.00,394.70,1.21,"1,410.00","548,500.00"
ehpl,Eastern Hydropower Limited,Hydropower,https://www.sharesansar.com/company/ehpl,584,2023-04-25,390.00,390.00,379.10,390.00,-0.64,650.00,"250,311.00"
ehpl,Eastern Hydropower Limited,Hydropower,https://www.sharesansar.com/company/ehpl,585,2023-04-24,386.20,395.00,371.00,392.50,-0.38,"3,350.00","1,287,487.00"
ehpl,Eastern Hydropower Limited,Hydropower,https://www.sharesansar.com/company/ehpl,586,2023-04-23,394.00,410.00,378.60,394.00,-1.99,"2,530.00","980,850.00"
ehpl,Eastern Hydropower Limited,Hydropower,https://www.sharesansar.com/company/ehpl,587,2023-04-20,406.00,406.00,400.20,402.00,-2.69,420.00,"168,862.00"
ehpl,Eastern Hydropower Limited,Hydropower,https://www.sharesansar.com/company/ehpl,588,2023-04-19,399.60,413.10,392.30,413.10,1.32,"1,100.00","446,521.00"
ehpl,Eastern Hydropower Limited,Hydropower,https://www.sharesansar.com/company/ehpl,589,2023-04-18,395.10,411.00,388.10,407.70,1.17,770.00,"305,013.00"
ehpl,Eastern Hydropower Limited,Hydropower,https://www.sharesansar.com/company/ehpl,590,2023-04-17,406.70,407.00,395.20,403.00,-2.89,"2,680.00","1,074,803.00"
ehpl,Eastern Hydropower Limited,Hydropower,https://www.sharesansar.com/company/ehpl,591,2023-04-16,406.10,416.00,400.20,415.00,0.34,"2,850.00","1,164,837.00"
ehpl,Eastern Hydropower Limited,Hydropower,https://www.sharesansar.com/company/ehpl,592,2023-04-13,411.60,428.10,411.60,413.60,-1.52,"1,991.00","829,787.60"
ehpl,Eastern Hydropower Limited,Hydropower,https://www.sharesansar.com/company/ehpl,593,2023-04-12,400.00,424.00,398.00,420.00,5.82,"3,509.00","1,443,229.40"
ehpl,Eastern Hydropower Limited,Hydropower,https://www.sharesansar.com/company/ehpl,594,2023-04-11,387.60,411.00,387.40,396.90,3.66,"4,460.00","1,760,855.00"
ehpl,Eastern Hydropower Limited,Hydropower,https://www.sharesansar.com/company/ehpl,595,2023-04-10,390.90,402.90,382.50,382.90,-3.99,"3,265.00","1,275,777.60"
ehpl,Eastern Hydropower Limited,Hydropower,https://www.sharesansar.com/company/ehpl,596,2023-04-09,413.50,413.50,391.00,398.80,-5.48,"5,870.00","2,342,987.00"
ehpl,Eastern Hydropower Limited,Hydropower,https://www.sharesansar.com/company/ehpl,597,2023-04-06,435.00,442.30,401.90,421.90,-3.01,"5,560.00","2,293,044.00"
ehpl,Eastern Hydropower Limited,Hydropower,https://www.sharesansar.com/company/ehpl,598,2023-04-05,422.00,435.00,414.10,435.00,1.05,"1,660.00","697,430.00"
ehpl,Eastern Hydropower Limited,Hydropower,https://www.sharesansar.com/company/ehpl,599,2023-04-04,426.80,430.50,411.10,430.50,-1.15,770.00,"324,909.00"
ehpl,Eastern Hydropower Limited,Hydropower,https://www.sharesansar.com/company/ehpl,600,2023-04-03,434.70,443.30,420.00,435.50,-1.80,"1,540.00","656,432.20"
ehpl,Eastern Hydropower Limited,Hydropower,https://www.sharesansar.com/company/ehpl,601,2023-04-02,459.00,459.00,428.10,443.50,-1.44,"6,450.00","2,799,487.00"
ehpl,Eastern Hydropower Limited,Hydropower,https://www.sharesansar.com/company/ehpl,602,2023-03-30,436.40,451.90,431.00,450.00,1.06,"4,460.00","1,939,229.00"
ehpl,Eastern Hydropower Limited,Hydropower,https://www.sharesansar.com/company/ehpl,603,2023-03-29,450.00,452.00,432.20,445.30,-0.47,"1,450.00","638,036.00"
ehpl,Eastern Hydropower Limited,Hydropower,https://www.sharesansar.com/company/ehpl,604,2023-03-28,440.00,451.00,432.10,447.40,0.95,"3,240.00","1,437,632.00"
ehpl,Eastern Hydropower Limited,Hydropower,https://www.sharesansar.com/company/ehpl,605,2023-03-27,423.20,443.20,423.20,443.20,2.66,"1,700.00","727,208.00"
ehpl,Eastern Hydropower Limited,Hydropower,https://www.sharesansar.com/company/ehpl,606,2023-03-26,450.80,450.80,431.70,431.70,-6.15,"4,594.00","1,996,639.80"
ehpl,Eastern Hydropower Limited,Hydropower,https://www.sharesansar.com/company/ehpl,607,2023-03-23,463.60,463.60,446.00,460.00,-2.75,"4,306.00","1,939,008.60"
ehpl,Eastern Hydropower Limited,Hydropower,https://www.sharesansar.com/company/ehpl,608,2023-03-22,466.90,475.00,443.00,473.00,3.14,"7,250.00","3,302,496.00"
ehpl,Eastern Hydropower Limited,Hydropower,https://www.sharesansar.com/company/ehpl,609,2023-03-20,444.00,460.00,444.00,458.60,1.24,"3,420.00","1,552,786.00"
ehpl,Eastern Hydropower Limited,Hydropower,https://www.sharesansar.com/company/ehpl,610,2023-03-19,454.90,460.00,442.10,453.00,-2.39,"2,660.00","1,185,068.00"
ehpl,Eastern Hydropower Limited,Hydropower,https://www.sharesansar.com/company/ehpl,611,2023-03-16,466.80,466.80,444.50,464.10,1.40,"3,720.00","1,680,824.00"
ehpl,Eastern Hydropower Limited,Hydropower,https://www.sharesansar.com/company/ehpl,612,2023-03-15,439.90,457.70,432.00,457.70,1.98,"2,094.00","929,396.10"
ehpl,Eastern Hydropower Limited,Hydropower,https://www.sharesansar.com/company/ehpl,613,2023-03-14,445.00,448.80,435.10,448.80,-0.44,"2,240.00","992,655.00"
ehpl,Eastern Hydropower Limited,Hydropower,https://www.sharesansar.com/company/ehpl,614,2023-03-13,439.00,460.00,431.10,450.80,0.85,"2,432.00","1,078,082.00"
ehpl,Eastern Hydropower Limited,Hydropower,https://www.sharesansar.com/company/ehpl,615,2023-03-12,445.00,453.90,425.00,447.00,-0.60,"3,230.00","1,426,510.00"
ehpl,Eastern Hydropower Limited,Hydropower,https://www.sharesansar.com/company/ehpl,616,2023-03-09,431.20,457.30,431.10,449.70,2.23,"1,790.00","790,552.00"
ehpl,Eastern Hydropower Limited,Hydropower,https://www.sharesansar.com/company/ehpl,617,2023-03-07,427.00,448.00,425.40,439.90,2.90,"2,950.00","1,288,341.00"
ehpl,Eastern Hydropower Limited,Hydropower,https://www.sharesansar.com/company/ehpl,618,2023-03-05,436.20,448.80,427.50,427.50,-3.91,"2,760.00","1,211,509.00"
ehpl,Eastern Hydropower Limited,Hydropower,https://www.sharesansar.com/company/ehpl,619,2023-03-02,443.00,460.00,435.10,444.90,-1.46,"5,547.00","2,465,103.10"
ehpl,Eastern Hydropower Limited,Hydropower,https://www.sharesansar.com/company/ehpl,620,2023-03-01,460.00,462.00,451.50,451.50,-3.77,"6,294.00","2,867,377.40"
ehpl,Eastern Hydropower Limited,Hydropower,https://www.sharesansar.com/company/ehpl,621,2023-02-28,457.40,470.20,448.30,469.20,0.54,"1,640.00","754,574.60"
ehpl,Eastern Hydropower Limited,Hydropower,https://www.sharesansar.com/company/ehpl,622,2023-02-27,448.90,466.70,443.10,466.70,1.90,"6,420.00","2,893,353.10"
ehpl,Eastern Hydropower Limited,Hydropower,https://www.sharesansar.com/company/ehpl,623,2023-02-26,441.00,461.00,432.40,458.00,1.78,"4,761.00","2,134,389.20"
ehpl,Eastern Hydropower Limited,Hydropower,https://www.sharesansar.com/company/ehpl,624,2023-02-23,465.60,468.00,450.00,450.00,-5.28,"4,128.00","1,885,158.00"
ehpl,Eastern Hydropower Limited,Hydropower,https://www.sharesansar.com/company/ehpl,625,2023-02-22,440.00,486.00,440.00,475.10,5.84,"7,907.00","3,663,581.00"
ehpl,Eastern Hydropower Limited,Hydropower,https://www.sharesansar.com/company/ehpl,626,2023-02-20,457.10,466.00,448.90,448.90,-3.67,"6,590.00","3,000,652.40"
ehpl,Eastern Hydropower Limited,Hydropower,https://www.sharesansar.com/company/ehpl,627,2023-02-16,464.60,498.40,457.00,466.00,-1.69,"5,877.00","2,749,266.00"
ehpl,Eastern Hydropower Limited,Hydropower,https://www.sharesansar.com/company/ehpl,628,2023-02-15,478.80,488.00,462.60,474.00,-2.97,"7,450.00","3,506,553.00"
ehpl,Eastern Hydropower Limited,Hydropower,https://www.sharesansar.com/company/ehpl,629,2023-02-14,487.10,494.00,473.60,488.50,-1.71,"8,881.00","4,273,828.80"
ehpl,Eastern Hydropower Limited,Hydropower,https://www.sharesansar.com/company/ehpl,630,2023-02-12,484.10,503.70,465.10,497.00,0.63,"13,312.00","6,511,291.00"
ehpl,Eastern Hydropower Limited,Hydropower,https://www.sharesansar.com/company/ehpl,631,2023-02-09,459.70,493.90,442.00,493.90,5.31,"9,046.00","4,209,955.30"
ehpl,Eastern Hydropower Limited,Hydropower,https://www.sharesansar.com/company/ehpl,632,2023-02-08,460.60,475.00,455.00,469.00,-0.21,"9,521.00","4,402,566.60"
ehpl,Eastern Hydropower Limited,Hydropower,https://www.sharesansar.com/company/ehpl,633,2023-02-07,445.90,477.60,437.00,470.00,3.30,"8,916.00","4,128,310.00"
ehpl,Eastern Hydropower Limited,Hydropower,https://www.sharesansar.com/company/ehpl,634,2023-02-06,442.00,465.30,442.00,455.00,0.89,"10,467.00","4,743,627.70"
ehpl,Eastern Hydropower Limited,Hydropower,https://www.sharesansar.com/company/ehpl,635,2023-02-05,467.50,486.00,446.90,451.00,-5.45,"9,547.00","4,405,309.00"
ehpl,Eastern Hydropower Limited,Hydropower,https://www.sharesansar.com/company/ehpl,636,2023-02-02,489.10,499.00,466.40,477.00,-4.41,"11,324.00","5,414,302.10"
ehpl,Eastern Hydropower Limited,Hydropower,https://www.sharesansar.com/company/ehpl,637,2023-02-01,470.00,508.00,462.10,499.00,6.17,"10,730.00","5,282,491.20"
ehpl,Eastern Hydropower Limited,Hydropower,https://www.sharesansar.com/company/ehpl,638,2023-01-31,435.20,474.30,430.50,470.00,5.86,"13,915.00","6,331,898.00"
ehpl,Eastern Hydropower Limited,Hydropower,https://www.sharesansar.com/company/ehpl,639,2023-01-30,460.50,478.30,438.00,444.00,-1.66,"13,610.00","6,276,252.50"
ehpl,Eastern Hydropower Limited,Hydropower,https://www.sharesansar.com/company/ehpl,640,2023-01-29,402.30,451.50,397.00,451.50,9.99,"16,338.00","7,184,832.60"
ehpl,Eastern Hydropower Limited,Hydropower,https://www.sharesansar.com/company/ehpl,641,2023-01-26,406.70,425.00,398.70,410.50,-1.08,"8,680.00","3,591,931.00"
ehpl,Eastern Hydropower Limited,Hydropower,https://www.sharesansar.com/company/ehpl,642,2023-01-25,400.00,417.90,392.10,415.00,1.99,"10,423.00","4,232,007.40"
ehpl,Eastern Hydropower Limited,Hydropower,https://www.sharesansar.com/company/ehpl,643,2023-01-24,391.10,407.70,385.10,406.90,1.98,"6,794.00","2,689,292.00"
ehpl,Eastern Hydropower Limited,Hydropower,https://www.sharesansar.com/company/ehpl,644,2023-01-23,413.00,413.00,391.20,399.00,-1.48,"2,210.00","875,267.00"
ehpl,Eastern Hydropower Limited,Hydropower,https://www.sharesansar.com/company/ehpl,645,2023-01-19,398.00,428.90,391.10,405.00,0.00,"8,689.00","3,479,732.80"
ehpl,Eastern Hydropower Limited,Hydropower,https://www.sharesansar.com/company/ehpl,646,2023-01-18,410.00,426.50,395.00,405.00,-2.39,"7,260.00","2,980,717.00"
ehpl,Eastern Hydropower Limited,Hydropower,https://www.sharesansar.com/company/ehpl,647,2023-01-17,396.00,415.20,388.40,414.90,2.70,"5,470.00","2,206,547.00"
ehpl,Eastern Hydropower Limited,Hydropower,https://www.sharesansar.com/company/ehpl,648,2023-01-12,416.00,416.00,393.40,404.00,-4.72,"11,292.00","4,501,886.60"
ehpl,Eastern Hydropower Limited,Hydropower,https://www.sharesansar.com/company/ehpl,649,2023-01-10,430.00,431.20,388.00,424.00,0.24,"10,210.00","4,195,974.00"
ehpl,Eastern Hydropower Limited,Hydropower,https://www.sharesansar.com/company/ehpl,650,2023-01-09,410.60,423.00,400.00,423.00,0.98,"9,039.00","3,721,950.60"
ehpl,Eastern Hydropower Limited,Hydropower,https://www.sharesansar.com/company/ehpl,651,2023-01-08,402.80,440.00,379.30,418.90,1.92,"9,461.00","3,854,409.00"
ehpl,Eastern Hydropower Limited,Hydropower,https://www.sharesansar.com/company/ehpl,652,2023-01-05,366.60,411.40,352.20,411.00,9.89,"7,940.00","2,983,643.00"
ehpl,Eastern Hydropower Limited,Hydropower,https://www.sharesansar.com/company/ehpl,653,2023-01-04,333.80,374.00,327.20,374.00,9.81,"10,673.00","3,705,525.80"
ehpl,Eastern Hydropower Limited,Hydropower,https://www.sharesansar.com/company/ehpl,654,2023-01-03,322.30,340.60,322.30,340.60,3.84,"5,410.00","1,774,865.00"
ehpl,Eastern Hydropower Limited,Hydropower,https://www.sharesansar.com/company/ehpl,655,2023-01-02,321.00,328.90,315.00,328.00,0.31,"10,919.00","3,538,541.00"
ehpl,Eastern Hydropower Limited,Hydropower,https://www.sharesansar.com/company/ehpl,656,2023-01-01,325.00,340.60,321.10,327.00,0.31,"5,560.00","1,818,557.90"
ehpl,Eastern Hydropower Limited,Hydropower,https://www.sharesansar.com/company/ehpl,657,2022-12-29,328.70,334.70,310.40,326.00,-0.82,"7,217.00","2,377,383.90"
ehpl,Eastern Hydropower Limited,Hydropower,https://www.sharesansar.com/company/ehpl,658,2022-12-28,320.00,333.50,308.20,328.70,1.14,"6,972.00","2,242,197.00"
ehpl,Eastern Hydropower Limited,Hydropower,https://www.sharesansar.com/company/ehpl,659,2022-12-27,314.00,329.00,302.10,325.00,5.18,"11,845.00","3,729,181.00"
ehpl,Eastern Hydropower Limited,Hydropower,https://www.sharesansar.com/company/ehpl,660,2022-12-26,281.00,309.00,281.00,309.00,8.04,"9,815.00","2,890,389.00"
ehpl,Eastern Hydropower Limited,Hydropower,https://www.sharesansar.com/company/ehpl,661,2022-12-22,303.80,303.80,276.20,286.00,-3.99,"9,063.00","2,576,286.40"
ehpl,Eastern Hydropower Limited,Hydropower,https://www.sharesansar.com/company/ehpl,662,2022-12-21,265.80,297.90,265.80,297.90,9.85,"5,545.00","1,569,114.50"
ehpl,Eastern Hydropower Limited,Hydropower,https://www.sharesansar.com/company/ehpl,663,2022-12-20,259.30,278.00,255.00,271.20,2.53,"4,630.00","1,248,363.00"
ehpl,Eastern Hydropower Limited,Hydropower,https://www.sharesansar.com/company/ehpl,664,2022-12-19,293.10,293.10,258.70,264.50,-7.97,"30,972.00","8,337,683.30"
ehpl,Eastern Hydropower Limited,Hydropower,https://www.sharesansar.com/company/ehpl,665,2022-12-18,266.50,287.40,266.50,287.40,9.99,"10,491.00","3,013,554.40"
ehpl,Eastern Hydropower Limited,Hydropower,https://www.sharesansar.com/company/ehpl,666,2022-12-15,242.00,261.30,242.00,261.30,9.97,"4,995.00","1,304,520.50"
ehpl,Eastern Hydropower Limited,Hydropower,https://www.sharesansar.com/company/ehpl,667,2022-12-14,216.00,237.60,216.00,237.60,10.00,"8,512.00","2,021,287.20"
